6.011574702644908452e-01,5.660833523257096517e-02,1.123906269184896389e-01,2.062089651557930114e-01,2.363460242865568495e-02
7.922048676738927542e-01,0.000000000000000000e+00,0.000000000000000000e+00,2.077951323261073013e-01,0.000000000000000000e+00
9.695530754996870559e-01,0.000000000000000000e+00,3.044692450031293712e-02,0.000000000000000000e+00,0.000000000000000000e+00
2.554170983302266745e-02,0.000000000000000000e+00,5.697774740119029291e-01,0.000000000000000000e+00,4.046808161550743965e-01
4.840785694343360812e-01,0.000000000000000000e+00,0.000000000000000000e+00,3.506126491720527594e-01,1.653087813936110484e-01
5.275726569816447942e-01,4.724273430183551503e-01,0.000000000000000000e+00,0.000000000000000000e+00,0.000000000000000000e+00
1.000000000000000000e+00,0.000000000000000000e+00,0.000000000000000000e+00,0.000000000000000000e+00,0.000000000000000000e+00
8.717095773830167982e-01,0.000000000000000000e+00,1.278066980664725183e-01,0.000000000000000000e+00,4.837245505105881166e-04
1.000000000000000000e+00,0.000000000000000000e+00,0.000000000000000000e+00,0.000000000000000000e+00,0.000000000000000000e+00
1.695197617635920417e-01,3.777582078607123472e-01,7.152017247694217317e-02,3.319578565671927883e-01,4.924400133156058706e-02
8.929021254622958592e-01,0.000000000000000000e+00,1.070978745377041130e-01,0.000000000000000000e+00,0.000000000000000000e+00
6.625006040916243677e-01,3.374993959083756323e-01,0.000000000000000000e+00,0.000000000000000000e+00,0.000000000000000000e+00
4.218500158581059423e-01,5.781499841418941132e-01,0.000000000000000000e+00,0.000000000000000000e+00,0.000000000000000000e+00
2.039333196007390436e-01,0.000000000000000000e+00,0.000000000000000000e+00,2.782315875295424679e-01,5.178350928697184052e-01
8.163173894805973996e-01,0.000000000000000000e+00,1.836826105194026004e-01,0.000000000000000000e+00,0.000000000000000000e+00
1.814312298564183523e-01,0.000000000000000000e+00,2.353333564155892232e-01,5.832354137279924799e-01,0.000000000000000000e+00
2.295458233529355241e-01,0.000000000000000000e+00,4.669535561454168371e-01,2.753846371764209211e-01,2.811598332522682181e-02
7.402306873705650769e-01,1.415788278907441633e-01,0.000000000000000000e+00,0.000000000000000000e+00,1.181904847386908292e-01
6.207177967448618272e-01,0.000000000000000000e+00,0.000000000000000000e+00,0.000000000000000000e+00,3.792822032551382283e-01
1.000000000000000000e+00,0.000000000000000000e+00,0.000000000000000000e+00,0.000000000000000000e+00,0.000000000000000000e+00
8.708098475459945531e-01,0.000000000000000000e+00,1.291901524540054191e-01,0.000000000000000000e+00,0.000000000000000000e+00
4.862566536933997097e-01,0.000000000000000000e+00,0.000000000000000000e+00,0.000000000000000000e+00,5.137433463066002348e-01
8.517634778413478713e-01,1.482365221586521564e-01,0.000000000000000000e+00,0.000000000000000000e+00,0.000000000000000000e+00
9.146446806827425169e-01,0.000000000000000000e+00,0.000000000000000000e+00,0.000000000000000000e+00,8.535531931725751087e-02
1.267657081668883967e-01,8.720821070965444344e-01,1.152184736567202087e-03,0.000000000000000000e+00,0.000000000000000000e+00
1.592904994849596301e-01,3.208787346939114826e-01,1.520695373052886323e-01,3.677612285158400884e-01,0.000000000000000000e+00
8.951770621322524546e-02,5.142177809656934828e-01,0.000000000000000000e+00,3.962645128210812717e-01,0.000000000000000000e+00
6.388718294383891605e-01,0.000000000000000000e+00,0.000000000000000000e+00,3.611281705616108395e-01,0.000000000000000000e+00
5.765264645023484569e-01,0.000000000000000000e+00,5.700261051660383826e-02,2.662129044164541214e-01,1.002580205645935280e-01
9.264710662817448039e-01,1.813864563128571653e-02,0.000000000000000000e+00,0.000000000000000000e+00,5.539028808696951078e-02
1.678542524248735901e-01,0.000000000000000000e+00,5.216139640461529836e-02,6.477057887090115207e-01,1.322785624614997158e-01
9.468023328385698489e-01,0.000000000000000000e+00,0.000000000000000000e+00,5.319766716143011637e-02,0.000000000000000000e+00
5.964915548575663307e-01,0.000000000000000000e+00,0.000000000000000000e+00,4.035084451424337804e-01,0.000000000000000000e+00
7.903622608681591943e-01,0.000000000000000000e+00,0.000000000000000000e+00,2.096377391318408057e-01,0.000000000000000000e+00
8.133799805763792801e-01,0.000000000000000000e+00,0.000000000000000000e+00,0.000000000000000000e+00,1.866200194236208032e-01
9.156582686054962616e-01,8.434173139450369672e-02,0.000000000000000000e+00,0.000000000000000000e+00,0.000000000000000000e+00
9.954857707008488710e-01,0.000000000000000000e+00,0.000000000000000000e+00,0.000000000000000000e+00,4.514229299151100404e-03
9.134468363653809320e-01,0.000000000000000000e+00,0.000000000000000000e+00,0.000000000000000000e+00,8.655316363461908191e-02
2.028949007955279660e-01,2.860506522223233428e-01,5.110544469821486357e-01,0.000000000000000000e+00,0.000000000000000000e+00
9.661217051337254169e-01,0.000000000000000000e+00,0.000000000000000000e+00,0.000000000000000000e+00,3.387829486627455533e-02
1.000000000000000000e+00,0.000000000000000000e+00,0.000000000000000000e+00,0.000000000000000000e+00,0.000000000000000000e+00
1.000000000000000000e+00,0.000000000000000000e+00,0.000000000000000000e+00,0.000000000000000000e+00,0.000000000000000000e+00
1.000000000000000000e+00,0.000000000000000000e+00,0.000000000000000000e+00,0.000000000000000000e+00,0.000000000000000000e+00
6.108303881592010987e-01,3.891696118407989013e-01,0.000000000000000000e+00,0.000000000000000000e+00,0.000000000000000000e+00
7.630690396552886057e-01,0.000000000000000000e+00,2.369309603447114221e-01,0.000000000000000000e+00,0.000000000000000000e+00
9.404770396301399549e-01,0.000000000000000000e+00,5.952296036986012145e-02,0.000000000000000000e+00,0.000000000000000000e+00
6.629465724075410682e-01,3.370534275924588763e-01,0.000000000000000000e+00,0.000000000000000000e+00,0.000000000000000000e+00
2.427463426151472148e-01,0.000000000000000000e+00,1.922106416982636012e-01,5.650430156865892117e-01,0.000000000000000000e+00
1.000000000000000000e+00,0.000000000000000000e+00,0.000000000000000000e+00,0.000000000000000000e+00,0.000000000000000000e+00
6.118457571251643135e-01,0.000000000000000000e+00,0.000000000000000000e+00,3.881542428748357421e-01,0.000000000000000000e+00
7.221420329286034612e-01,0.000000000000000000e+00,2.778579670713965943e-01,0.000000000000000000e+00,0.000000000000000000e+00
3.071353643502872099e-01,0.000000000000000000e+00,0.000000000000000000e+00,2.001059252163211455e-01,4.927587104333914780e-01
1.000000000000000000e+00,0.000000000000000000e+00,0.000000000000000000e+00,0.000000000000000000e+00,0.000000000000000000e+00
6.999439608009353497e-01,3.000560391990645392e-01,0.000000000000000000e+00,0.000000000000000000e+00,0.000000000000000000e+00
9.025162144431667643e-01,0.000000000000000000e+00,9.748378555683320790e-02,0.000000000000000000e+00,0.000000000000000000e+00
9.058617741170161830e-01,0.000000000000000000e+00,0.000000000000000000e+00,0.000000000000000000e+00,9.413822588298387251e-02
1.000000000000000000e+00,0.000000000000000000e+00,0.000000000000000000e+00,0.000000000000000000e+00,0.000000000000000000e+00
9.998240584711490797e-01,0.000000000000000000e+00,0.000000000000000000e+00,0.000000000000000000e+00,1.759415288508796890e-04
9.425020479148373820e-01,0.000000000000000000e+00,5.749795208516262496e-02,0.000000000000000000e+00,0.000000000000000000e+00
9.554677740260920649e-01,0.000000000000000000e+00,0.000000000000000000e+00,0.000000000000000000e+00,4.453222597390792126e-02
9.408379478657304951e-01,5.916205213426956738e-02,0.000000000000000000e+00,0.000000000000000000e+00,0.000000000000000000e+00
1.000000000000000000e+00,0.000000000000000000e+00,0.000000000000000000e+00,0.000000000000000000e+00,0.000000000000000000e+00
9.428244417369033847e-01,5.528188979200999303e-02,0.000000000000000000e+00,0.000000000000000000e+00,1.893668471086590787e-03
7.917843948600291615e-01,0.000000000000000000e+00,2.012312918024737052e-01,0.000000000000000000e+00,6.984313337497181917e-03
5.773873082183239580e-01,0.000000000000000000e+00,0.000000000000000000e+00,0.000000000000000000e+00,4.226126917816760420e-01
1.000000000000000000e+00,0.000000000000000000e+00,0.000000000000000000e+00,0.000000000000000000e+00,0.000000000000000000e+00
1.974966373086275151e-01,0.000000000000000000e+00,8.025033626913724571e-01,0.000000000000000000e+00,0.000000000000000000e+00
5.059880420042713878e-01,0.000000000000000000e+00,0.000000000000000000e+00,4.940119579957286122e-01,0.000000000000000000e+00
2.162653027395158509e-02,0.000000000000000000e+00,9.783734697260483282e-01,0.000000000000000000e+00,0.000000000000000000e+00
1.521521677183266807e-01,0.000000000000000000e+00,5.161314587990886160e-01,3.182000921319023679e-01,1.351628135068252100e-02
6.839158651399793731e-01,0.000000000000000000e+00,3.160841348600206824e-01,0.000000000000000000e+00,0.000000000000000000e+00
1.000000000000000000e+00,0.000000000000000000e+00,0.000000000000000000e+00,0.000000000000000000e+00,0.000000000000000000e+00
7.143077595531455160e-01,8.311819376796597547e-02,2.025740466788884531e-01,0.000000000000000000e+00,0.000000000000000000e+00
8.869722753390549830e-01,0.000000000000000000e+00,1.130277246609449754e-01,0.000000000000000000e+00,0.000000000000000000e+00
2.190433225734580436e-01,0.000000000000000000e+00,7.809566774265419564e-01,0.000000000000000000e+00,0.000000000000000000e+00
1.000000000000000000e+00,0.000000000000000000e+00,0.000000000000000000e+00,0.000000000000000000e+00,0.000000000000000000e+00
6.483233461844689627e-01,0.000000000000000000e+00,0.000000000000000000e+00,1.125352815315216193e-01,2.391413722840094180e-01
7.479402181781015235e-01,0.000000000000000000e+00,0.000000000000000000e+00,0.000000000000000000e+00,2.520597818218985320e-01
2.897005633031412564e-01,0.000000000000000000e+00,0.000000000000000000e+00,0.000000000000000000e+00,7.102994366968586881e-01
2.897005633031412564e-01,0.000000000000000000e+00,0.000000000000000000e+00,0.000000000000000000e+00,7.102994366968586881e-01
5.436780524488786792e-01,3.450938085282954093e-01,0.000000000000000000e+00,0.000000000000000000e+00,1.112281390228259392e-01
9.825554519972907741e-01,1.449496782358348709e-02,2.949580179125829010e-03,0.000000000000000000e+00,0.000000000000000000e+00
9.916742358906929233e-01,0.000000000000000000e+00,8.325764109307175545e-03,0.000000000000000000e+00,0.000000000000000000e+00
9.849576768216087297e-01,0.000000000000000000e+00,1.504232317839127378e-02,0.000000000000000000e+00,0.000000000000000000e+00
8.843984344923145891e-01,6.314381829745548949e-04,1.149701273247108330e-01,0.000000000000000000e+00,0.000000000000000000e+00
5.255377958678035810e-01,0.000000000000000000e+00,4.744622041321964745e-01,0.000000000000000000e+00,0.000000000000000000e+00
9.851102814873963220e-01,0.000000000000000000e+00,0.000000000000000000e+00,0.000000000000000000e+00,1.488971851260371439e-02
9.870810134494084620e-01,0.000000000000000000e+00,0.000000000000000000e+00,0.000000000000000000e+00,1.291898655059154667e-02
8.189083341239727920e-01,0.000000000000000000e+00,1.006594803854340692e-01,8.043218549059316658e-02,0.000000000000000000e+00
7.143285603483842117e-01,2.100273635600421740e-01,7.564407609157365597e-02,0.000000000000000000e+00,0.000000000000000000e+00
7.913228888269041583e-01,0.000000000000000000e+00,0.000000000000000000e+00,1.116788764860145583e-01,9.699823468708111684e-02
4.604357495060538707e-01,0.000000000000000000e+00,5.395642504939460737e-01,0.000000000000000000e+00,0.000000000000000000e+00
8.059609237702191065e-01,0.000000000000000000e+00,1.940390762297808380e-01,0.000000000000000000e+00,0.000000000000000000e+00
2.872131213146940643e-01,0.000000000000000000e+00,1.207333976099750905e-01,4.436884384894428934e-01,1.483650425858879240e-01
1.000000000000000000e+00,0.000000000000000000e+00,0.000000000000000000e+00,0.000000000000000000e+00,0.000000000000000000e+00
8.886237361340606489e-01,0.000000000000000000e+00,1.113762638659393511e-01,0.000000000000000000e+00,0.000000000000000000e+00
1.121033051463861917e-02,0.000000000000000000e+00,9.887896694853613999e-01,0.000000000000000000e+00,0.000000000000000000e+00
9.676535181110564876e-01,0.000000000000000000e+00,3.234648188894358178e-02,0.000000000000000000e+00,0.000000000000000000e+00
2.025047550075260716e-01,0.000000000000000000e+00,0.000000000000000000e+00,0.000000000000000000e+00,7.974952449924739284e-01
4.957833382402157540e-01,1.811750108873582885e-02,8.519374602412192743e-02,4.009054146469265278e-01,0.000000000000000000e+00
1.000000000000000000e+00,0.000000000000000000e+00,0.000000000000000000e+00,0.000000000000000000e+00,0.000000000000000000e+00
1.363823034883541452e-01,0.000000000000000000e+00,4.657814087562461292e-01,3.499778652148122227e-01,4.785842254058739198e-02
8.569440555698285555e-01,0.000000000000000000e+00,1.430559444301714722e-01,0.000000000000000000e+00,0.000000000000000000e+00
9.868177198360419400e-01,6.426065273682783803e-03,6.756214890275379428e-03,0.000000000000000000e+00,0.000000000000000000e+00
5.421356963430851161e-01,0.000000000000000000e+00,0.000000000000000000e+00,0.000000000000000000e+00,4.578643036569148839e-01
9.749661055667241394e-01,2.503389443327588490e-02,0.000000000000000000e+00,0.000000000000000000e+00,0.000000000000000000e+00
6.269311397097047101e-01,0.000000000000000000e+00,3.730688602902951234e-01,0.000000000000000000e+00,0.000000000000000000e+00
1.000000000000000000e+00,0.000000000000000000e+00,0.000000000000000000e+00,0.000000000000000000e+00,0.000000000000000000e+00
7.483543547827986586e-01,0.000000000000000000e+00,2.516456452172013414e-01,0.000000000000000000e+00,0.000000000000000000e+00
1.000000000000000000e+00,0.000000000000000000e+00,0.000000000000000000e+00,0.000000000000000000e+00,0.000000000000000000e+00
3.502987938967607739e-01,0.000000000000000000e+00,6.497012061032393371e-01,0.000000000000000000e+00,0.000000000000000000e+00
9.733405169069757612e-01,0.000000000000000000e+00,0.000000000000000000e+00,0.000000000000000000e+00,2.665948309302417635e-02
6.412699360194956677e-01,0.000000000000000000e+00,3.587300639805043878e-01,0.000000000000000000e+00,0.000000000000000000e+00
9.779305753323899175e-01,0.000000000000000000e+00,2.206942466761014146e-02,0.000000000000000000e+00,0.000000000000000000e+00
8.086767235173202284e-01,0.000000000000000000e+00,1.913232764826798271e-01,0.000000000000000000e+00,0.000000000000000000e+00
4.332494450335228620e-01,3.996026881871432178e-04,3.968788018757558878e-02,5.266630720907143903e-01,0.000000000000000000e+00
9.932448107096571999e-01,0.000000000000000000e+00,0.000000000000000000e+00,0.000000000000000000e+00,6.755189290342869524e-03
1.255392692942738399e-02,0.000000000000000000e+00,9.874460730705726386e-01,0.000000000000000000e+00,0.000000000000000000e+00
9.260283211024816774e-01,7.397167889751839198e-02,0.000000000000000000e+00,0.000000000000000000e+00,0.000000000000000000e+00
5.429212582794719077e-01,0.000000000000000000e+00,2.276537588713568872e-01,2.294249828491712329e-01,0.000000000000000000e+00
9.607976313647981215e-01,0.000000000000000000e+00,0.000000000000000000e+00,0.000000000000000000e+00,3.920236863520193404e-02
9.059647282683975789e-01,0.000000000000000000e+00,9.403527173160239339e-02,0.000000000000000000e+00,0.000000000000000000e+00
3.004818556014401953e-01,6.978247800942068979e-01,1.693364304352875521e-03,0.000000000000000000e+00,0.000000000000000000e+00
1.619096746253159969e-01,0.000000000000000000e+00,8.380903253746839754e-01,0.000000000000000000e+00,0.000000000000000000e+00
8.965200620381512664e-01,0.000000000000000000e+00,0.000000000000000000e+00,0.000000000000000000e+00,1.034799379618487475e-01
7.270813083321892023e-01,0.000000000000000000e+00,2.729186916678109087e-01,0.000000000000000000e+00,0.000000000000000000e+00
8.360132224552414559e-01,3.061440209763903117e-02,0.000000000000000000e+00,0.000000000000000000e+00,1.333723754471193568e-01
9.574958475115856738e-01,0.000000000000000000e+00,0.000000000000000000e+00,4.250415248841436094e-02,0.000000000000000000e+00
9.423369872687911153e-01,5.529632322023465829e-02,0.000000000000000000e+00,0.000000000000000000e+00,2.366689510974278460e-03
8.241009804147833018e-01,1.758990195852168092e-01,0.000000000000000000e+00,0.000000000000000000e+00,0.000000000000000000e+00
2.828528800901741191e-01,0.000000000000000000e+00,0.000000000000000000e+00,0.000000000000000000e+00,7.171471199098257143e-01
9.126545547985684959e-01,0.000000000000000000e+00,6.280568062439927102e-02,0.000000000000000000e+00,2.453976457703216027e-02
7.165144318525229483e-01,0.000000000000000000e+00,2.834855681474771072e-01,0.000000000000000000e+00,0.000000000000000000e+00
9.947678363166057025e-01,0.000000000000000000e+00,5.232163683394262799e-03,0.000000000000000000e+00,0.000000000000000000e+00
8.301952809146010415e-01,0.000000000000000000e+00,1.698047190853989585e-01,0.000000000000000000e+00,0.000000000000000000e+00
1.000000000000000000e+00,0.000000000000000000e+00,0.000000000000000000e+00,0.000000000000000000e+00,0.000000000000000000e+00
7.403513313655143424e-01,0.000000000000000000e+00,2.596486686344857131e-01,0.000000000000000000e+00,0.000000000000000000e+00
4.902911791927248575e-01,0.000000000000000000e+00,2.849171977436342207e-01,1.788067801599316498e-01,4.598484290370922350e-02
6.412413863349248899e-01,3.431086836612019103e-02,0.000000000000000000e+00,3.244477452989548150e-01,0.000000000000000000e+00
9.055614772859741368e-01,0.000000000000000000e+00,9.443852271402587706e-02,0.000000000000000000e+00,0.000000000000000000e+00
3.594029940415522928e-01,3.493055177171951464e-01,2.912914882412526163e-01,0.000000000000000000e+00,0.000000000000000000e+00
9.564635736762869822e-01,4.353642632371304555e-02,0.000000000000000000e+00,0.000000000000000000e+00,0.000000000000000000e+00
8.448340496696201685e-01,0.000000000000000000e+00,0.000000000000000000e+00,1.551659503303798315e-01,0.000000000000000000e+00
6.065138983834169606e-01,0.000000000000000000e+00,0.000000000000000000e+00,0.000000000000000000e+00,3.934861016165831504e-01
6.658711150383821442e-01,0.000000000000000000e+00,4.701376696108328090e-02,2.740196226200513063e-01,1.309549538048332060e-02
9.758047442022625972e-01,0.000000000000000000e+00,0.000000000000000000e+00,2.419525579773745827e-02,0.000000000000000000e+00
9.380408360179247618e-01,0.000000000000000000e+00,0.000000000000000000e+00,6.195916398207518272e-02,0.000000000000000000e+00
7.510468806597563329e-01,0.000000000000000000e+00,2.489531193402436671e-01,0.000000000000000000e+00,0.000000000000000000e+00
9.484542665330434330e-01,1.327423993574292950e-02,3.176991528758535410e-02,0.000000000000000000e+00,6.501578243628305942e-03
1.000000000000000000e+00,0.000000000000000000e+00,0.000000000000000000e+00,0.000000000000000000e+00,0.000000000000000000e+00
9.934747250685120878e-01,6.525274931487919962e-03,0.000000000000000000e+00,0.000000000000000000e+00,0.000000000000000000e+00
9.990724557305109554e-01,0.000000000000000000e+00,0.000000000000000000e+00,0.000000000000000000e+00,9.275442694890893370e-04
1.000000000000000000e+00,0.000000000000000000e+00,0.000000000000000000e+00,0.000000000000000000e+00,0.000000000000000000e+00
9.089052682469752620e-01,0.000000000000000000e+00,0.000000000000000000e+00,0.000000000000000000e+00,9.109473175302462700e-02
2.666894050264806415e-01,0.000000000000000000e+00,0.000000000000000000e+00,7.333105949735193585e-01,0.000000000000000000e+00
6.591001391009513322e-01,0.000000000000000000e+00,9.068139592341604993e-02,2.374843493189959520e-01,1.273411565663665201e-02
2.668825744942446843e-01,4.530672756243726007e-01,1.595018502483437350e-01,1.205482996330389522e-01,0.000000000000000000e+00
8.583472651800472253e-01,0.000000000000000000e+00,0.000000000000000000e+00,1.416527348199528302e-01,0.000000000000000000e+00
9.309698463150507530e-01,0.000000000000000000e+00,0.000000000000000000e+00,6.903015368494916371e-02,0.000000000000000000e+00
3.205311412868151466e-01,0.000000000000000000e+00,0.000000000000000000e+00,0.000000000000000000e+00,6.794688587131848534e-01
2.039761231273418685e-01,0.000000000000000000e+00,1.758367235524589123e-01,5.060672065162620248e-01,1.141199468039370973e-01
9.903569549075871281e-01,0.000000000000000000e+00,0.000000000000000000e+00,0.000000000000000000e+00,9.643045092412877092e-03
7.884940405854417023e-01,7.986720965062074629e-03,2.035192384494962370e-01,0.000000000000000000e+00,0.000000000000000000e+00
4.660222363048346916e-01,5.339777636951653639e-01,0.000000000000000000e+00,0.000000000000000000e+00,0.000000000000000000e+00
1.000000000000000000e+00,0.000000000000000000e+00,0.000000000000000000e+00,0.000000000000000000e+00,0.000000000000000000e+00
9.805643687774253658e-01,0.000000000000000000e+00,0.000000000000000000e+00,0.000000000000000000e+00,1.943563122257463069e-02
3.968305085195590332e-01,0.000000000000000000e+00,0.000000000000000000e+00,0.000000000000000000e+00,6.031694914804410779e-01
1.000000000000000000e+00,0.000000000000000000e+00,0.000000000000000000e+00,0.000000000000000000e+00,0.000000000000000000e+00
6.662111629002784863e-01,3.337888370997214582e-01,0.000000000000000000e+00,0.000000000000000000e+00,0.000000000000000000e+00
4.090590437166866655e-01,0.000000000000000000e+00,0.000000000000000000e+00,0.000000000000000000e+00,5.909409562833133345e-01
6.695619128193801561e-01,0.000000000000000000e+00,3.304380871806198439e-01,0.000000000000000000e+00,0.000000000000000000e+00
2.592289567063529310e-01,4.102725895062431238e-01,3.301438361310879976e-01,3.546176563160237686e-04,0.000000000000000000e+00
8.279418698541326505e-01,0.000000000000000000e+00,0.000000000000000000e+00,1.720581301458672940e-01,0.000000000000000000e+00
7.358472380362422738e-02,0.000000000000000000e+00,6.076103737735480959e-01,2.998643018553777129e-01,1.894060056744993961e-02
9.274634181084518980e-01,0.000000000000000000e+00,7.253658189154811586e-02,0.000000000000000000e+00,0.000000000000000000e+00
3.228670016452942493e-01,0.000000000000000000e+00,3.611672469057382318e-02,6.302551730474719172e-01,1.076110061666005549e-02
5.424182880238449522e-01,0.000000000000000000e+00,4.575817119761549367e-01,0.000000000000000000e+00,0.000000000000000000e+00
6.159198827393750353e-01,0.000000000000000000e+00,3.840801172606250757e-01,0.000000000000000000e+00,0.000000000000000000e+00
3.621006378673775061e-01,0.000000000000000000e+00,6.145944585870977139e-01,0.000000000000000000e+00,2.330490354552476259e-02
8.544110748547311118e-01,0.000000000000000000e+00,5.356604136277066941e-02,1.845500031469551189e-02,7.356788346780272769e-02
6.517605456977484391e-01,0.000000000000000000e+00,0.000000000000000000e+00,3.481020953193497136e-01,1.373589829018847424e-04
3.599920633692595406e-01,0.000000000000000000e+00,6.400079366307404038e-01,0.000000000000000000e+00,0.000000000000000000e+00
6.915229335042776260e-01,7.588320783978380613e-02,2.325938586559384846e-01,0.000000000000000000e+00,0.000000000000000000e+00
1.000000000000000000e+00,0.000000000000000000e+00,0.000000000000000000e+00,0.000000000000000000e+00,0.000000000000000000e+00
2.749842310265237511e-01,0.000000000000000000e+00,6.659936617471368114e-01,0.000000000000000000e+00,5.902210722633939588e-02
7.809695417579294308e-01,2.190304582420705970e-01,0.000000000000000000e+00,0.000000000000000000e+00,0.000000000000000000e+00
8.074646332526714820e-01,0.000000000000000000e+00,0.000000000000000000e+00,0.000000000000000000e+00,1.925353667473284347e-01
6.407083987564704541e-01,0.000000000000000000e+00,2.726697629630227548e-01,0.000000000000000000e+00,8.662183828050688816e-02
9.968302496234467958e-01,0.000000000000000000e+00,3.169750376553241971e-03,0.000000000000000000e+00,0.000000000000000000e+00
2.752107433623113830e-01,0.000000000000000000e+00,2.420691330890846482e-01,3.995467550854344130e-01,8.317336846316975008e-02
4.734561380694664590e-01,5.070920827219383975e-01,1.945177920859504639e-02,0.000000000000000000e+00,0.000000000000000000e+00
1.000000000000000000e+00,0.000000000000000000e+00,0.000000000000000000e+00,0.000000000000000000e+00,0.000000000000000000e+00
6.788755916580183625e-01,0.000000000000000000e+00,8.168270770745256204e-02,1.820052852047554237e-01,5.743641542977379749e-02
2.287959928524166964e-01,5.268342313102372110e-01,2.443697758373460371e-01,0.000000000000000000e+00,0.000000000000000000e+00
9.857427368197968498e-01,0.000000000000000000e+00,0.000000000000000000e+00,0.000000000000000000e+00,1.425726318020319877e-02
9.466413164318613349e-01,5.335868356813865121e-02,0.000000000000000000e+00,0.000000000000000000e+00,0.000000000000000000e+00
8.829672417836488263e-01,0.000000000000000000e+00,0.000000000000000000e+00,1.170327582163511460e-01,0.000000000000000000e+00
1.845576749461463328e-01,0.000000000000000000e+00,0.000000000000000000e+00,0.000000000000000000e+00,8.154423250538536116e-01
9.785528582481796134e-01,2.144714175182035540e-02,0.000000000000000000e+00,0.000000000000000000e+00,0.000000000000000000e+00
1.000000000000000000e+00,0.000000000000000000e+00,0.000000000000000000e+00,0.000000000000000000e+00,0.000000000000000000e+00
1.056900604831266105e-01,4.956002057493593682e-01,8.302694642056193675e-02,3.156827873469519874e-01,0.000000000000000000e+00
1.000000000000000000e+00,0.000000000000000000e+00,0.000000000000000000e+00,0.000000000000000000e+00,0.000000000000000000e+00
9.987547894925596914e-01,0.000000000000000000e+00,0.000000000000000000e+00,1.245210507440311625e-03,0.000000000000000000e+00
3.734976510726865095e-01,3.407869310610963653e-01,2.397423077961397808e-01,1.946821079912388133e-02,2.650489927095350112e-02
5.373909369975179429e-01,0.000000000000000000e+00,2.250207405662437933e-06,4.626068127950763165e-01,0.000000000000000000e+00
2.231448404446116363e-01,8.951914748680128708e-02,2.465869286576548858e-01,4.104706678273183917e-01,3.027841558361377833e-02
2.945809946000240154e-01,0.000000000000000000e+00,7.051491436240835409e-01,2.698617758923937200e-04,0.000000000000000000e+00
6.522535954115530332e-01,0.000000000000000000e+00,3.148865152443089399e-01,1.543917489451380326e-02,1.742071444962424095e-02
8.081567551995649801e-01,0.000000000000000000e+00,1.918432448004348811e-01,0.000000000000000000e+00,0.000000000000000000e+00
9.349228005927816554e-01,0.000000000000000000e+00,6.507719940721835850e-02,0.000000000000000000e+00,0.000000000000000000e+00
8.949925048173112963e-01,3.166972050942843536e-02,0.000000000000000000e+00,0.000000000000000000e+00,7.333777467326015043e-02
8.757310102051731882e-01,0.000000000000000000e+00,1.187621093105100945e-01,0.000000000000000000e+00,5.506880484316708721e-03
5.472031531522474346e-01,0.000000000000000000e+00,4.527968468477526209e-01,0.000000000000000000e+00,0.000000000000000000e+00
4.635423789689659957e-01,0.000000000000000000e+00,5.364576210310340043e-01,0.000000000000000000e+00,0.000000000000000000e+00
8.556334145614287179e-01,0.000000000000000000e+00,1.244457475235669908e-01,0.000000000000000000e+00,1.992083791500422543e-02
3.941791927331501078e-01,0.000000000000000000e+00,6.058208072668499478e-01,0.000000000000000000e+00,0.000000000000000000e+00
9.837861831522394240e-01,0.000000000000000000e+00,1.621381684776058638e-02,0.000000000000000000e+00,0.000000000000000000e+00
8.947290567540272521e-01,3.824913074439473260e-02,0.000000000000000000e+00,0.000000000000000000e+00,6.702181250157811243e-02
3.730872623797955034e-01,0.000000000000000000e+00,0.000000000000000000e+00,6.269127376202044966e-01,0.000000000000000000e+00
9.492156373312518047e-01,4.750301048678865629e-02,0.000000000000000000e+00,0.000000000000000000e+00,3.281352181959610540e-03
6.570641030350367062e-01,0.000000000000000000e+00,2.436596351280988920e-02,1.652911205815790208e-01,1.532788128705744879e-01
8.103963675971194158e-01,0.000000000000000000e+00,1.896036324028805842e-01,0.000000000000000000e+00,0.000000000000000000e+00
6.772929162783101198e-01,3.157558773839955202e-01,6.951206337694452835e-03,0.000000000000000000e+00,0.000000000000000000e+00
5.997518301255949646e-01,0.000000000000000000e+00,4.002481698744050909e-01,0.000000000000000000e+00,0.000000000000000000e+00
9.580905792091870543e-01,0.000000000000000000e+00,4.190942079081295263e-02,0.000000000000000000e+00,0.000000000000000000e+00
5.325661125287378672e-01,0.000000000000000000e+00,8.471443828937115506e-02,3.648502681486709420e-01,1.786918103322002876e-02
9.654162733845065292e-01,1.764156451998277059e-02,0.000000000000000000e+00,0.000000000000000000e+00,1.694216209551059268e-02
1.000000000000000000e+00,0.000000000000000000e+00,0.000000000000000000e+00,0.000000000000000000e+00,0.000000000000000000e+00
9.790232000645795463e-01,0.000000000000000000e+00,0.000000000000000000e+00,0.000000000000000000e+00,2.097679993542039129e-02
4.852964343328598495e-01,0.000000000000000000e+00,5.147035656671400394e-01,0.000000000000000000e+00,0.000000000000000000e+00
2.811022666359581229e-02,3.485084445011642496e-01,6.233813288352398896e-01,0.000000000000000000e+00,0.000000000000000000e+00
9.502366893652820501e-01,2.105593434252793147e-02,0.000000000000000000e+00,0.000000000000000000e+00,2.870737629219008782e-02
8.548849158700679851e-01,0.000000000000000000e+00,1.451150841299319316e-01,0.000000000000000000e+00,0.000000000000000000e+00
2.290165320944620719e-01,0.000000000000000000e+00,7.709834679055379558e-01,0.000000000000000000e+00,0.000000000000000000e+00
7.912512851762119048e-01,0.000000000000000000e+00,1.766359613568001530e-01,0.000000000000000000e+00,3.211275346698801852e-02
8.338742533447534022e-01,0.000000000000000000e+00,1.312543958162043778e-01,3.487135083904230326e-02,0.000000000000000000e+00
9.467474897919462284e-01,0.000000000000000000e+00,5.325251020805381319e-02,0.000000000000000000e+00,0.000000000000000000e+00
9.467474897919462284e-01,0.000000000000000000e+00,5.325251020805381319e-02,0.000000000000000000e+00,0.000000000000000000e+00
9.467474897919462284e-01,0.000000000000000000e+00,5.325251020805381319e-02,0.000000000000000000e+00,0.000000000000000000e+00
9.467474897919462284e-01,0.000000000000000000e+00,5.325251020805381319e-02,0.000000000000000000e+00,0.000000000000000000e+00
3.713007085403671748e-01,0.000000000000000000e+00,0.000000000000000000e+00,0.000000000000000000e+00,6.286992914596328808e-01
6.112630611765138555e-01,0.000000000000000000e+00,0.000000000000000000e+00,0.000000000000000000e+00,3.887369388234861445e-01
5.245156061836492301e-01,0.000000000000000000e+00,4.754843938163508255e-01,0.000000000000000000e+00,0.000000000000000000e+00
7.071061232530315710e-01,0.000000000000000000e+00,2.928938767469684845e-01,0.000000000000000000e+00,0.000000000000000000e+00
9.534052489057049939e-01,4.480556939018168205e-02,1.789181704113479692e-03,0.000000000000000000e+00,0.000000000000000000e+00
6.341541567500438292e-01,0.000000000000000000e+00,3.658458432499562263e-01,0.000000000000000000e+00,0.000000000000000000e+00
2.904817235758677674e-01,3.846394860193272924e-01,0.000000000000000000e+00,3.248787904048049957e-01,0.000000000000000000e+00
1.956509402449293777e-01,1.007524231784011626e-01,4.887623159228582370e-02,6.409555934650227327e-01,1.376481151936096922e-02
3.865115621146201219e-01,3.414820603568561319e-01,0.000000000000000000e+00,2.720063775285238017e-01,0.000000000000000000e+00
9.486390145013612329e-01,2.989426213530383802e-03,4.837155928510823710e-02,0.000000000000000000e+00,0.000000000000000000e+00
4.579658040546871756e-02,2.484721532014916301e-01,4.340662005389551714e-01,2.716650658540844532e-01,0.000000000000000000e+00
3.470276691408670233e-01,2.237823991900469711e-01,0.000000000000000000e+00,4.291899316690860333e-01,0.000000000000000000e+00
6.422714210185814787e-01,0.000000000000000000e+00,0.000000000000000000e+00,0.000000000000000000e+00,3.577285789814185768e-01
7.882895149155622061e-01,3.867327668842718974e-02,0.000000000000000000e+00,0.000000000000000000e+00,1.730372083960107221e-01
6.771552764108113021e-01,0.000000000000000000e+00,2.640897959589866284e-01,0.000000000000000000e+00,5.875492763020213199e-02
1.045439249661082037e-01,0.000000000000000000e+00,6.440473789030984886e-01,2.384825623014219798e-01,1.292613382937119609e-02
7.580009699182711502e-01,2.419990300817288775e-01,0.000000000000000000e+00,0.000000000000000000e+00,0.000000000000000000e+00
1.452629344595928462e-01,4.566542026837835389e-01,8.999152006163606201e-05,3.979928713365620263e-01,0.000000000000000000e+00
1.129464783469547595e-01,3.814204399247903554e-01,4.950148134700856940e-03,5.006829335935540914e-01,0.000000000000000000e+00
4.628025021559952212e-01,4.926629478244739513e-01,4.453455001953073034e-02,0.000000000000000000e+00,0.000000000000000000e+00
9.154293568523140801e-01,0.000000000000000000e+00,0.000000000000000000e+00,0.000000000000000000e+00,8.457064314768590607e-02
6.737421723855747668e-01,0.000000000000000000e+00,0.000000000000000000e+00,2.548487527623519711e-01,7.140907485207317884e-02
2.443968403800077238e-01,0.000000000000000000e+00,4.918392301303615710e-01,2.367895287354291611e-01,2.697440075420155098e-02
8.034918318412652694e-01,0.000000000000000000e+00,0.000000000000000000e+00,1.965081681587347306e-01,0.000000000000000000e+00
9.006308902605634215e-01,1.182189838461768575e-02,0.000000000000000000e+00,3.347945348904968893e-02,5.406775786576920734e-02
3.901793223339947159e-01,0.000000000000000000e+00,0.000000000000000000e+00,6.098206776660052286e-01,0.000000000000000000e+00
3.262534440755177623e-01,0.000000000000000000e+00,6.737465559244821822e-01,0.000000000000000000e+00,0.000000000000000000e+00
1.372851627988689316e-01,3.520805268637267615e-01,0.000000000000000000e+00,0.000000000000000000e+00,5.106343103374042514e-01
9.179565811152857746e-01,2.099912532149122296e-02,0.000000000000000000e+00,3.676930663701480362e-02,2.427498692620818840e-02
7.867489121200850200e-01,0.000000000000000000e+00,2.132510878799150078e-01,0.000000000000000000e+00,0.000000000000000000e+00
8.741901851213180752e-01,1.624637165961194396e-02,1.095634432190698837e-01,0.000000000000000000e+00,0.000000000000000000e+00
8.193651745032040079e-01,0.000000000000000000e+00,1.806348254967959366e-01,0.000000000000000000e+00,0.000000000000000000e+00
1.000000000000000000e+00,0.000000000000000000e+00,0.000000000000000000e+00,0.000000000000000000e+00,0.000000000000000000e+00
4.516063472508998755e-01,3.800131270225159397e-01,1.683805257265842958e-01,0.000000000000000000e+00,0.000000000000000000e+00
4.978874792794747428e-01,0.000000000000000000e+00,4.415301289170966426e-01,0.000000000000000000e+00,6.058239180342860769e-02
9.093934048757233990e-01,1.080380040168151153e-02,7.980279472259511897e-02,0.000000000000000000e+00,0.000000000000000000e+00
8.694956961072076718e-01,0.000000000000000000e+00,0.000000000000000000e+00,1.998227648588036739e-02,1.105220274069119296e-01
4.321570401129582462e-01,0.000000000000000000e+00,0.000000000000000000e+00,5.678429598870418094e-01,0.000000000000000000e+00
1.500226433163359963e-01,0.000000000000000000e+00,0.000000000000000000e+00,0.000000000000000000e+00,8.499773566836640315e-01
6.225026677149666510e-01,2.374015921749865754e-01,1.400957401100467459e-01,0.000000000000000000e+00,0.000000000000000000e+00
8.057065152600065838e-01,0.000000000000000000e+00,1.711076737487517430e-01,0.000000000000000000e+00,2.318581099124172873e-02
6.887134729498753938e-01,0.000000000000000000e+00,3.112865270501246617e-01,0.000000000000000000e+00,0.000000000000000000e+00
5.686909100807143735e-01,2.096400156913061641e-01,0.000000000000000000e+00,0.000000000000000000e+00,2.216690742279794069e-01
6.767268610224907999e-01,0.000000000000000000e+00,3.194952331135021972e-01,3.777905864006967339e-03,0.000000000000000000e+00
8.709378948262478382e-01,0.000000000000000000e+00,0.000000000000000000e+00,1.290621051737521341e-01,0.000000000000000000e+00
6.328274499190601476e-01,0.000000000000000000e+00,3.671725500809399634e-01,0.000000000000000000e+00,0.000000000000000000e+00
5.622030380990902243e-01,0.000000000000000000e+00,4.377969619009097202e-01,0.000000000000000000e+00,0.000000000000000000e+00
5.488673797705835300e-01,2.900510322748290140e-03,0.000000000000000000e+00,4.482321099066681191e-01,0.000000000000000000e+00
2.540596711513605221e-01,0.000000000000000000e+00,7.459403288486395889e-01,0.000000000000000000e+00,0.000000000000000000e+00
5.662520097288230581e-01,0.000000000000000000e+00,4.304968209867786610e-01,0.000000000000000000e+00,3.251169284398237099e-03
7.492191217778217949e-01,0.000000000000000000e+00,2.507808782221780941e-01,0.000000000000000000e+00,0.000000000000000000e+00
1.000000000000000000e+00,0.000000000000000000e+00,0.000000000000000000e+00,0.000000000000000000e+00,0.000000000000000000e+00
9.130308666072386448e-01,0.000000000000000000e+00,0.000000000000000000e+00,0.000000000000000000e+00,8.696913339276131361e-02
7.980494876218807709e-01,0.000000000000000000e+00,2.019505123781192291e-01,0.000000000000000000e+00,0.000000000000000000e+00
1.935455594305561522e-01,3.995773928514694817e-01,4.068770477179743383e-01,0.000000000000000000e+00,0.000000000000000000e+00
9.315714690271627019e-01,0.000000000000000000e+00,6.842853097283733976e-02,0.000000000000000000e+00,0.000000000000000000e+00
2.476124643429487848e-01,2.811721047969599763e-01,0.000000000000000000e+00,0.000000000000000000e+00,4.712154308600913222e-01
4.751143407517567641e-02,0.000000000000000000e+00,9.524885659248242264e-01,0.000000000000000000e+00,0.000000000000000000e+00
2.546546370967334161e-01,0.000000000000000000e+00,7.662036802275318248e-02,2.795016078150233119e-01,3.892233870654900896e-01
6.706733220751773805e-01,0.000000000000000000e+00,0.000000000000000000e+00,3.293266779248225085e-01,0.000000000000000000e+00
6.876111473102139993e-01,1.323634143429887333e-02,0.000000000000000000e+00,2.991525112554870858e-01,0.000000000000000000e+00
9.465200409159284234e-02,4.103775937930072559e-01,8.629089199227255730e-04,4.941074931954770877e-01,0.000000000000000000e+00
2.469459791819493821e-01,0.000000000000000000e+00,7.530540208180506179e-01,0.000000000000000000e+00,0.000000000000000000e+00
9.619673246134772260e-01,3.733070569097624025e-02,0.000000000000000000e+00,0.000000000000000000e+00,7.019696955466662568e-04
8.094384837364776430e-01,0.000000000000000000e+00,1.905615162635224402e-01,0.000000000000000000e+00,0.000000000000000000e+00
1.230993604116741996e-01,0.000000000000000000e+00,4.755200066684371896e-01,3.738586050165002561e-01,2.752202790338829225e-02
2.673170644528667372e-01,2.389842594533453934e-01,2.925738599425738440e-01,1.761010124721891779e-01,2.502380367902484401e-02
6.994628593242837589e-01,2.241599336159363909e-01,0.000000000000000000e+00,0.000000000000000000e+00,7.637720705977985025e-02
5.806702006838188046e-01,1.108424788224885854e-01,3.084873204936926516e-01,0.000000000000000000e+00,0.000000000000000000e+00
8.408010965191956565e-01,0.000000000000000000e+00,1.394056361640428066e-01,0.000000000000000000e+00,1.979326731676148143e-02
7.023277629684671064e-01,0.000000000000000000e+00,0.000000000000000000e+00,2.976722370315330046e-01,0.000000000000000000e+00
5.275852105152282201e-01,0.000000000000000000e+00,0.000000000000000000e+00,4.724147894847718909e-01,0.000000000000000000e+00
9.137331618954872559e-01,0.000000000000000000e+00,4.338805533075616727e-02,0.000000000000000000e+00,4.287878277375663932e-02
5.823163979036880544e-01,4.022481531265841848e-01,1.543544896972780418e-02,0.000000000000000000e+00,0.000000000000000000e+00
4.053014050989843797e-01,0.000000000000000000e+00,0.000000000000000000e+00,0.000000000000000000e+00,5.946985949010155093e-01
7.072590014501871636e-01,2.888363913704881103e-01,3.904607179324817625e-03,0.000000000000000000e+00,0.000000000000000000e+00
8.480784895366256793e-01,3.315388311408393879e-02,1.187676273492903750e-01,0.000000000000000000e+00,0.000000000000000000e+00
8.606958522971634995e-01,0.000000000000000000e+00,1.393041477028364450e-01,0.000000000000000000e+00,0.000000000000000000e+00
2.603805813997006058e-01,0.000000000000000000e+00,7.396194186002993387e-01,0.000000000000000000e+00,0.000000000000000000e+00
2.508822938020424664e-01,3.245402105158097794e-01,8.912257272491839891e-04,4.236862699548986089e-01,0.000000000000000000e+00
