6.594122182441611857e-01,4.193153891931278299e-02,5.398347155890418497e-02,2.446727712776217978e-01
8.763381629012572116e-01,0.000000000000000000e+00,0.000000000000000000e+00,1.236618370987427606e-01
9.892579941883092864e-01,0.000000000000000000e+00,1.074200581169078642e-02,0.000000000000000000e+00
3.757218075553935277e-01,0.000000000000000000e+00,6.242781924446063613e-01,0.000000000000000000e+00
6.809522476898010046e-01,0.000000000000000000e+00,0.000000000000000000e+00,3.190477523101989399e-01
5.105592159749675618e-01,4.894407840250325492e-01,0.000000000000000000e+00,0.000000000000000000e+00
1.000000000000000000e+00,0.000000000000000000e+00,0.000000000000000000e+00,0.000000000000000000e+00
8.290339744531644017e-01,0.000000000000000000e+00,1.709660255468355150e-01,0.000000000000000000e+00
9.939949391525504385e-01,0.000000000000000000e+00,0.000000000000000000e+00,6.005060847449593571e-03
1.632158387898982044e-01,4.028669504242111676e-01,1.222362777666441760e-02,4.216935830092261028e-01
8.498418420591430378e-01,0.000000000000000000e+00,1.501581579408569622e-01,0.000000000000000000e+00
6.419518429596507980e-01,3.580481570403492575e-01,0.000000000000000000e+00,0.000000000000000000e+00
4.011267776965494747e-01,5.988732223034505253e-01,0.000000000000000000e+00,0.000000000000000000e+00
8.932678662079591714e-01,0.000000000000000000e+00,0.000000000000000000e+00,1.067321337920408564e-01
7.669401548388909973e-01,0.000000000000000000e+00,2.330598451611090305e-01,0.000000000000000000e+00
1.432575115190582171e-01,0.000000000000000000e+00,2.408621646127844518e-01,6.158803238681573866e-01
2.884865904741448217e-01,0.000000000000000000e+00,3.860112412853450303e-01,3.255021682405102035e-01
8.738043726217531448e-01,1.259697654152401869e-01,2.258619630065578229e-04,0.000000000000000000e+00
1.000000000000000000e+00,0.000000000000000000e+00,0.000000000000000000e+00,0.000000000000000000e+00
1.000000000000000000e+00,0.000000000000000000e+00,0.000000000000000000e+00,0.000000000000000000e+00
8.019096790976384392e-01,0.000000000000000000e+00,1.980903209023615608e-01,0.000000000000000000e+00
1.000000000000000000e+00,0.000000000000000000e+00,0.000000000000000000e+00,0.000000000000000000e+00
8.900440554001465276e-01,1.099559445998535140e-01,0.000000000000000000e+00,0.000000000000000000e+00
1.000000000000000000e+00,0.000000000000000000e+00,0.000000000000000000e+00,0.000000000000000000e+00
3.896272063674694613e-02,9.535147910136313465e-01,7.522488349621605890e-03,0.000000000000000000e+00
5.469941182870117352e-02,3.664081792980242169e-01,1.664613153890428521e-01,4.124310934842317922e-01
3.621444744060435365e-03,5.587786090740886058e-01,0.000000000000000000e+00,4.375999461818510516e-01
7.723850046818098170e-01,0.000000000000000000e+00,0.000000000000000000e+00,2.276149953181902386e-01
6.916303950394807609e-01,0.000000000000000000e+00,4.006125959641987540e-03,3.043634790008771240e-01
9.641127215801494899e-01,3.588727841985044770e-02,0.000000000000000000e+00,0.000000000000000000e+00
3.063200491805229131e-01,0.000000000000000000e+00,1.091983915214651824e-02,6.827601116673304160e-01
9.592126494771300305e-01,0.000000000000000000e+00,0.000000000000000000e+00,4.078735052287001117e-02
7.242984553696316663e-01,0.000000000000000000e+00,0.000000000000000000e+00,2.757015446303683892e-01
8.868543566600347594e-01,0.000000000000000000e+00,0.000000000000000000e+00,1.131456433399652961e-01
1.000000000000000000e+00,0.000000000000000000e+00,0.000000000000000000e+00,0.000000000000000000e+00
9.044965369258864962e-01,9.550346307411347602e-02,0.000000000000000000e+00,0.000000000000000000e+00
1.000000000000000000e+00,0.000000000000000000e+00,0.000000000000000000e+00,0.000000000000000000e+00
1.000000000000000000e+00,0.000000000000000000e+00,0.000000000000000000e+00,0.000000000000000000e+00
6.237478042499196296e-02,3.095022999043691714e-01,6.281229196706389351e-01,0.000000000000000000e+00
1.000000000000000000e+00,0.000000000000000000e+00,0.000000000000000000e+00,0.000000000000000000e+00
1.000000000000000000e+00,0.000000000000000000e+00,0.000000000000000000e+00,0.000000000000000000e+00
1.000000000000000000e+00,0.000000000000000000e+00,0.000000000000000000e+00,0.000000000000000000e+00
1.000000000000000000e+00,0.000000000000000000e+00,0.000000000000000000e+00,0.000000000000000000e+00
6.008230526224929147e-01,3.991769473775070298e-01,0.000000000000000000e+00,0.000000000000000000e+00
7.403633428312709208e-01,0.000000000000000000e+00,2.596366571687290792e-01,0.000000000000000000e+00
8.260037987736074117e-01,0.000000000000000000e+00,1.739962012263925328e-01,0.000000000000000000e+00
6.350385434671201867e-01,3.649614565328798688e-01,0.000000000000000000e+00,0.000000000000000000e+00
1.144392572070943720e-01,0.000000000000000000e+00,3.140650447569475756e-01,5.714956980359580108e-01
9.986161768025719754e-01,0.000000000000000000e+00,1.383823197428033511e-03,0.000000000000000000e+00
7.097449981401809938e-01,0.000000000000000000e+00,0.000000000000000000e+00,2.902550018598190062e-01
7.189333893831065803e-01,0.000000000000000000e+00,2.810666106168935308e-01,0.000000000000000000e+00
8.066724050608264918e-01,0.000000000000000000e+00,0.000000000000000000e+00,1.933275949391734250e-01
1.000000000000000000e+00,0.000000000000000000e+00,0.000000000000000000e+00,0.000000000000000000e+00
6.733360829236955114e-01,3.266639170763045996e-01,0.000000000000000000e+00,0.000000000000000000e+00
9.223690629207034197e-01,0.000000000000000000e+00,7.763093707929648313e-02,0.000000000000000000e+00
8.840459939048320726e-01,0.000000000000000000e+00,1.159540060951678303e-01,0.000000000000000000e+00
1.000000000000000000e+00,0.000000000000000000e+00,0.000000000000000000e+00,0.000000000000000000e+00
1.000000000000000000e+00,0.000000000000000000e+00,0.000000000000000000e+00,0.000000000000000000e+00
8.812900967571659638e-01,0.000000000000000000e+00,1.187099032428340500e-01,0.000000000000000000e+00
1.000000000000000000e+00,0.000000000000000000e+00,0.000000000000000000e+00,0.000000000000000000e+00
9.406048185009134865e-01,5.939518149908647876e-02,0.000000000000000000e+00,0.000000000000000000e+00
1.000000000000000000e+00,0.000000000000000000e+00,0.000000000000000000e+00,0.000000000000000000e+00
9.615471500368836244e-01,3.845284996311643111e-02,0.000000000000000000e+00,0.000000000000000000e+00
7.524538804958855742e-01,0.000000000000000000e+00,2.475461195041144535e-01,0.000000000000000000e+00
1.000000000000000000e+00,0.000000000000000000e+00,0.000000000000000000e+00,0.000000000000000000e+00
1.000000000000000000e+00,0.000000000000000000e+00,0.000000000000000000e+00,0.000000000000000000e+00
8.113521878877616444e-02,0.000000000000000000e+00,9.188647812112238356e-01,0.000000000000000000e+00
5.977960567801108294e-01,0.000000000000000000e+00,0.000000000000000000e+00,4.022039432198891706e-01
1.014523637990672042e-03,0.000000000000000000e+00,9.989854763620092948e-01,0.000000000000000000e+00
4.789017263218739440e-02,0.000000000000000000e+00,5.741203798953335991e-01,3.779894474724789788e-01
5.151936871915475669e-01,0.000000000000000000e+00,4.848063128084524331e-01,0.000000000000000000e+00
1.000000000000000000e+00,0.000000000000000000e+00,0.000000000000000000e+00,0.000000000000000000e+00
6.321837855040408627e-01,6.662824572895643949e-02,3.011879687670028782e-01,0.000000000000000000e+00
7.885346930678344135e-01,0.000000000000000000e+00,2.114653069321655865e-01,0.000000000000000000e+00
1.567756097946239879e-01,0.000000000000000000e+00,8.432243902053759843e-01,0.000000000000000000e+00
1.000000000000000000e+00,0.000000000000000000e+00,0.000000000000000000e+00,0.000000000000000000e+00
9.449075861894857820e-01,0.000000000000000000e+00,0.000000000000000000e+00,5.509241381051419723e-02
1.000000000000000000e+00,0.000000000000000000e+00,0.000000000000000000e+00,0.000000000000000000e+00
1.000000000000000000e+00,0.000000000000000000e+00,0.000000000000000000e+00,0.000000000000000000e+00
1.000000000000000000e+00,0.000000000000000000e+00,0.000000000000000000e+00,0.000000000000000000e+00
6.419221022445642522e-01,3.580778977554358589e-01,0.000000000000000000e+00,0.000000000000000000e+00
9.684168032869250320e-01,2.430144523045731780e-02,7.281751482617688370e-03,0.000000000000000000e+00
9.323132717061640706e-01,0.000000000000000000e+00,6.768672829383587386e-02,0.000000000000000000e+00
9.425195700856963121e-01,0.000000000000000000e+00,5.748042991430361154e-02,0.000000000000000000e+00
8.494027359929152698e-01,0.000000000000000000e+00,1.505972640070847302e-01,0.000000000000000000e+00
5.371399812664592321e-01,0.000000000000000000e+00,4.628600187335406568e-01,0.000000000000000000e+00
1.000000000000000000e+00,0.000000000000000000e+00,0.000000000000000000e+00,0.000000000000000000e+00
1.000000000000000000e+00,0.000000000000000000e+00,0.000000000000000000e+00,0.000000000000000000e+00
7.311848045800660723e-01,0.000000000000000000e+00,1.493071740438725314e-01,1.195080213760613824e-01
7.551954452315171595e-01,2.448045547684828405e-01,0.000000000000000000e+00,0.000000000000000000e+00
8.748390050211142244e-01,0.000000000000000000e+00,0.000000000000000000e+00,1.251609949788858589e-01
4.420287877488182637e-01,0.000000000000000000e+00,5.579712122511816252e-01,0.000000000000000000e+00
8.157973958657719349e-01,0.000000000000000000e+00,1.842026041342280651e-01,0.000000000000000000e+00
4.076782388722173800e-01,0.000000000000000000e+00,1.945415938710585158e-01,3.977801672567241598e-01
1.000000000000000000e+00,0.000000000000000000e+00,0.000000000000000000e+00,0.000000000000000000e+00
7.789750109142882240e-01,0.000000000000000000e+00,2.210249890857117760e-01,0.000000000000000000e+00
1.546491986696025744e-07,0.000000000000000000e+00,9.999998453508013307e-01,0.000000000000000000e+00
9.042123489095486022e-01,0.000000000000000000e+00,9.578765109045137005e-02,0.000000000000000000e+00
1.000000000000000000e+00,0.000000000000000000e+00,0.000000000000000000e+00,0.000000000000000000e+00
4.622125562966592494e-01,4.987434750687598679e-03,1.180271930488625554e-01,4.147728159037905593e-01
1.000000000000000000e+00,0.000000000000000000e+00,0.000000000000000000e+00,0.000000000000000000e+00
1.005200497968305046e-01,0.000000000000000000e+00,4.784396983007121462e-01,4.210402519024573631e-01
8.097326769354122877e-01,0.000000000000000000e+00,1.902673230645877678e-01,0.000000000000000000e+00
9.845878693282770211e-01,8.513632114406756782e-03,6.898498557316336613e-03,0.000000000000000000e+00
1.000000000000000000e+00,0.000000000000000000e+00,0.000000000000000000e+00,0.000000000000000000e+00
9.639551783843166577e-01,3.604482161568326598e-02,0.000000000000000000e+00,0.000000000000000000e+00
5.945758429459064853e-01,0.000000000000000000e+00,4.054241570540936257e-01,0.000000000000000000e+00
1.000000000000000000e+00,0.000000000000000000e+00,0.000000000000000000e+00,0.000000000000000000e+00
7.118786339145114495e-01,0.000000000000000000e+00,2.881213660854885505e-01,0.000000000000000000e+00
1.000000000000000000e+00,0.000000000000000000e+00,0.000000000000000000e+00,0.000000000000000000e+00
2.547649862205338400e-01,0.000000000000000000e+00,7.452350137794662155e-01,0.000000000000000000e+00
1.000000000000000000e+00,0.000000000000000000e+00,0.000000000000000000e+00,0.000000000000000000e+00
5.398931903342992777e-01,0.000000000000000000e+00,4.601068096657007223e-01,0.000000000000000000e+00
8.934877622366576011e-01,0.000000000000000000e+00,1.065122377633423434e-01,0.000000000000000000e+00
7.957519104607883031e-01,0.000000000000000000e+00,2.042480895392117524e-01,0.000000000000000000e+00
3.541939097529573921e-01,1.360085896209387599e-04,1.092365916236574808e-01,5.364334900337642820e-01
1.000000000000000000e+00,0.000000000000000000e+00,0.000000000000000000e+00,0.000000000000000000e+00
2.515539163404531780e-04,0.000000000000000000e+00,9.997484460836595366e-01,0.000000000000000000e+00
9.392970701717880955e-01,6.070292982821196004e-02,0.000000000000000000e+00,0.000000000000000000e+00
4.224440095018144881e-01,0.000000000000000000e+00,3.460781132845832664e-01,2.314778772136022178e-01
1.000000000000000000e+00,0.000000000000000000e+00,0.000000000000000000e+00,0.000000000000000000e+00
1.000000000000000000e+00,0.000000000000000000e+00,0.000000000000000000e+00,0.000000000000000000e+00
2.363684770859853790e-01,7.630573755685611248e-01,5.741473454535259233e-04,0.000000000000000000e+00
8.636544859046366152e-02,0.000000000000000000e+00,9.136345514095364218e-01,0.000000000000000000e+00
1.000000000000000000e+00,0.000000000000000000e+00,0.000000000000000000e+00,0.000000000000000000e+00
7.395264144179206633e-01,0.000000000000000000e+00,2.604735855820793922e-01,0.000000000000000000e+00
9.698850431721685039e-01,3.011495682783141975e-02,0.000000000000000000e+00,0.000000000000000000e+00
9.392716561850956714e-01,0.000000000000000000e+00,0.000000000000000000e+00,6.072834381490441191e-02
9.482998596097444999e-01,5.170014039025546543e-02,0.000000000000000000e+00,0.000000000000000000e+00
8.758978474155934002e-01,1.241021525844065859e-01,0.000000000000000000e+00,0.000000000000000000e+00
1.000000000000000000e+00,0.000000000000000000e+00,0.000000000000000000e+00,0.000000000000000000e+00
8.356416741672810788e-01,0.000000000000000000e+00,1.643583258327188379e-01,0.000000000000000000e+00
6.766728301948869984e-01,0.000000000000000000e+00,3.233271698051130572e-01,0.000000000000000000e+00
9.817712098536813814e-01,0.000000000000000000e+00,1.822879014631867758e-02,0.000000000000000000e+00
8.323755944712816213e-01,0.000000000000000000e+00,1.676244055287183510e-01,0.000000000000000000e+00
1.000000000000000000e+00,0.000000000000000000e+00,0.000000000000000000e+00,0.000000000000000000e+00
7.357460064551154533e-01,0.000000000000000000e+00,2.642539935448845467e-01,0.000000000000000000e+00
4.737901006284850336e-01,0.000000000000000000e+00,3.157178556213235954e-01,2.104920437501914265e-01
6.249631578977193902e-01,8.692883549303663526e-02,0.000000000000000000e+00,2.881080066092440162e-01
8.172536976903028716e-01,0.000000000000000000e+00,1.827463023096970174e-01,0.000000000000000000e+00
2.642732536905981200e-01,3.463614225323710105e-01,3.893653237770308140e-01,0.000000000000000000e+00
9.620287449789904910e-01,3.797125502100938410e-02,0.000000000000000000e+00,0.000000000000000000e+00
9.033438288023712959e-01,0.000000000000000000e+00,0.000000000000000000e+00,9.665617119762860698e-02
1.000000000000000000e+00,0.000000000000000000e+00,0.000000000000000000e+00,0.000000000000000000e+00
6.677919964652372364e-01,0.000000000000000000e+00,1.093713996637860064e-02,3.212708635683840797e-01
9.724662438565766509e-01,0.000000000000000000e+00,0.000000000000000000e+00,2.753375614342336991e-02
9.326494759183853178e-01,0.000000000000000000e+00,0.000000000000000000e+00,6.735052408161466830e-02
7.280039272864274880e-01,0.000000000000000000e+00,2.719960727135725120e-01,0.000000000000000000e+00
9.048530409942064923e-01,2.804913588091665841e-02,6.709782312487701239e-02,0.000000000000000000e+00
1.000000000000000000e+00,0.000000000000000000e+00,0.000000000000000000e+00,0.000000000000000000e+00
9.911188142314272254e-01,8.881185768572726069e-03,0.000000000000000000e+00,0.000000000000000000e+00
1.000000000000000000e+00,0.000000000000000000e+00,0.000000000000000000e+00,0.000000000000000000e+00
1.000000000000000000e+00,0.000000000000000000e+00,0.000000000000000000e+00,0.000000000000000000e+00
1.000000000000000000e+00,0.000000000000000000e+00,0.000000000000000000e+00,0.000000000000000000e+00
5.959970593881974699e-01,0.000000000000000000e+00,0.000000000000000000e+00,4.040029406118026412e-01
6.621185430964273699e-01,0.000000000000000000e+00,5.845671608517039042e-02,2.794247408184023507e-01
1.448902553297899964e-01,5.133469064517864888e-01,2.169274742207930873e-01,1.248353639976304830e-01
1.000000000000000000e+00,0.000000000000000000e+00,0.000000000000000000e+00,0.000000000000000000e+00
9.494309214763955174e-01,0.000000000000000000e+00,0.000000000000000000e+00,5.056907852360455896e-02
1.000000000000000000e+00,0.000000000000000000e+00,0.000000000000000000e+00,0.000000000000000000e+00
3.136704695236833818e-01,0.000000000000000000e+00,8.687739693330656654e-02,5.994521335430101905e-01
1.000000000000000000e+00,0.000000000000000000e+00,0.000000000000000000e+00,0.000000000000000000e+00
6.646739032666728608e-01,2.663549826719773667e-02,3.086905984661293956e-01,0.000000000000000000e+00
4.551478409724925012e-01,5.448521590275073878e-01,0.000000000000000000e+00,0.000000000000000000e+00
1.000000000000000000e+00,0.000000000000000000e+00,0.000000000000000000e+00,0.000000000000000000e+00
1.000000000000000000e+00,0.000000000000000000e+00,0.000000000000000000e+00,0.000000000000000000e+00
1.000000000000000000e+00,0.000000000000000000e+00,0.000000000000000000e+00,0.000000000000000000e+00
1.000000000000000000e+00,0.000000000000000000e+00,0.000000000000000000e+00,0.000000000000000000e+00
6.525366829661504164e-01,3.474633170338496391e-01,0.000000000000000000e+00,0.000000000000000000e+00
1.000000000000000000e+00,0.000000000000000000e+00,0.000000000000000000e+00,0.000000000000000000e+00
6.437298419584548403e-01,0.000000000000000000e+00,3.562701580415452152e-01,0.000000000000000000e+00
1.699884564074911064e-01,4.159013129482349580e-01,4.141102306442741021e-01,0.000000000000000000e+00
8.545317641575478351e-01,0.000000000000000000e+00,0.000000000000000000e+00,1.454682358424521926e-01
4.551153295465221356e-03,0.000000000000000000e+00,6.623178381447836216e-01,3.331310085597512516e-01
9.618208144466023901e-01,0.000000000000000000e+00,3.817918555339750580e-02,0.000000000000000000e+00
2.950290991667872120e-01,2.237161599975025376e-07,2.350066563965224394e-03,7.026206105530875545e-01
4.775537323110515264e-01,0.000000000000000000e+00,5.224462676889484181e-01,0.000000000000000000e+00
7.082582813203269767e-01,0.000000000000000000e+00,2.917417186796730233e-01,0.000000000000000000e+00
1.948599597256848726e-01,0.000000000000000000e+00,8.051400402743150719e-01,0.000000000000000000e+00
8.183463251094733604e-01,0.000000000000000000e+00,1.353839767613500833e-01,4.626969812917670205e-02
6.511700321767636135e-01,0.000000000000000000e+00,0.000000000000000000e+00,3.488299678232363310e-01
3.669842524234894765e-01,0.000000000000000000e+00,6.330157475765104680e-01,0.000000000000000000e+00
5.574117454805271876e-01,1.088502124181265907e-01,3.337380421013462217e-01,0.000000000000000000e+00
1.000000000000000000e+00,0.000000000000000000e+00,0.000000000000000000e+00,0.000000000000000000e+00
3.507085496219002896e-01,0.000000000000000000e+00,6.492914503780997659e-01,0.000000000000000000e+00
7.847571566973503554e-01,2.152428433026495613e-01,0.000000000000000000e+00,0.000000000000000000e+00
1.000000000000000000e+00,0.000000000000000000e+00,0.000000000000000000e+00,0.000000000000000000e+00
5.968230199561713745e-01,0.000000000000000000e+00,4.031769800438285700e-01,0.000000000000000000e+00
9.971538066221389274e-01,0.000000000000000000e+00,2.846193377861104285e-03,0.000000000000000000e+00
3.598393110522725702e-01,0.000000000000000000e+00,1.933575851987355265e-01,4.468031037489919033e-01
4.275760862806877727e-01,5.189129401660242946e-01,5.351097355328797434e-02,0.000000000000000000e+00
1.000000000000000000e+00,0.000000000000000000e+00,0.000000000000000000e+00,0.000000000000000000e+00
7.122713250953697228e-01,0.000000000000000000e+00,7.336564445197682471e-02,2.143630304526535635e-01
9.788711963825334761e-02,5.765196597076690521e-01,3.255932206540776419e-01,0.000000000000000000e+00
1.000000000000000000e+00,0.000000000000000000e+00,0.000000000000000000e+00,0.000000000000000000e+00
9.259046734013508528e-01,7.409532659864913329e-02,0.000000000000000000e+00,0.000000000000000000e+00
9.243204226760854958e-01,0.000000000000000000e+00,0.000000000000000000e+00,7.567957732391442094e-02
1.000000000000000000e+00,0.000000000000000000e+00,0.000000000000000000e+00,0.000000000000000000e+00
9.641458781474918638e-01,3.585412185250823336e-02,0.000000000000000000e+00,0.000000000000000000e+00
9.262039598904500126e-01,0.000000000000000000e+00,0.000000000000000000e+00,7.379604010955000126e-02
1.453757218856579526e-03,5.133252445966725031e-01,1.559326031609991892e-01,3.292883950234717361e-01
1.000000000000000000e+00,0.000000000000000000e+00,0.000000000000000000e+00,0.000000000000000000e+00
1.000000000000000000e+00,0.000000000000000000e+00,0.000000000000000000e+00,0.000000000000000000e+00
3.175952472240466951e-01,3.222042351583710440e-01,3.436293317819431592e-01,1.657118583563905664e-02
5.328459763633440760e-01,0.000000000000000000e+00,3.117974906203707225e-11,4.671540236054761430e-01
2.358905283665097552e-01,6.387258269855931869e-02,2.075832741448597196e-01,4.926536147900710816e-01
1.783514982874903620e-01,0.000000000000000000e+00,8.216485017125096935e-01,0.000000000000000000e+00
5.670978838054588911e-01,0.000000000000000000e+00,3.748929663464261042e-01,5.800914984811503944e-02
8.161645660875936903e-01,0.000000000000000000e+00,1.838354339124062820e-01,0.000000000000000000e+00
8.666209650536844666e-01,0.000000000000000000e+00,1.333790349463155889e-01,0.000000000000000000e+00
9.622283375980760223e-01,3.777166240192394997e-02,0.000000000000000000e+00,0.000000000000000000e+00
7.723358139772077413e-01,0.000000000000000000e+00,2.276641860227923420e-01,0.000000000000000000e+00
5.758816712226366707e-01,0.000000000000000000e+00,4.241183287773634403e-01,0.000000000000000000e+00
4.502268791896626987e-01,0.000000000000000000e+00,5.497731208103372458e-01,0.000000000000000000e+00
7.478801453110465181e-01,0.000000000000000000e+00,2.521198546889534819e-01,0.000000000000000000e+00
2.971829505394526505e-01,0.000000000000000000e+00,7.028170494605474605e-01,0.000000000000000000e+00
9.422877773060415185e-01,0.000000000000000000e+00,5.771222269395848842e-02,0.000000000000000000e+00
9.440710704676424925e-01,5.592892953235742426e-02,0.000000000000000000e+00,0.000000000000000000e+00
5.173074481214570142e-01,0.000000000000000000e+00,0.000000000000000000e+00,4.826925518785429858e-01
9.379071620412349208e-01,6.209283795876500978e-02,0.000000000000000000e+00,0.000000000000000000e+00
8.190437767089799870e-01,0.000000000000000000e+00,1.683473719749643566e-03,1.792727495712703456e-01
7.514866073157279169e-01,0.000000000000000000e+00,2.485133926842720831e-01,0.000000000000000000e+00
6.772974610544744145e-01,3.134580604000857251e-01,9.244478545439860362e-03,0.000000000000000000e+00
5.003799411448431878e-01,0.000000000000000000e+00,4.996200588551568122e-01,0.000000000000000000e+00
9.124161250725304484e-01,0.000000000000000000e+00,8.758387492746959324e-02,0.000000000000000000e+00
5.275388881433631383e-01,0.000000000000000000e+00,3.841309011555670005e-02,4.340480217410802033e-01
9.854934031479644085e-01,1.450659685203556197e-02,0.000000000000000000e+00,0.000000000000000000e+00
1.000000000000000000e+00,0.000000000000000000e+00,0.000000000000000000e+00,0.000000000000000000e+00
1.000000000000000000e+00,0.000000000000000000e+00,0.000000000000000000e+00,0.000000000000000000e+00
4.027296341216381470e-01,0.000000000000000000e+00,5.972703658783619085e-01,0.000000000000000000e+00
5.236269097450287307e-05,3.457234076340293116e-01,6.542242296749962716e-01,0.000000000000000000e+00
9.765601818310171156e-01,2.343981816898295031e-02,0.000000000000000000e+00,0.000000000000000000e+00
7.500974826985868926e-01,0.000000000000000000e+00,2.499025173014130519e-01,0.000000000000000000e+00
1.997448004888598416e-01,0.000000000000000000e+00,8.002551995111402139e-01,0.000000000000000000e+00
8.553598803479919299e-01,0.000000000000000000e+00,1.446401196520080701e-01,0.000000000000000000e+00
7.146483222226091003e-01,0.000000000000000000e+00,2.183037064285715256e-01,6.704797134881931853e-02
9.085246990132894718e-01,0.000000000000000000e+00,9.147530098671044496e-02,0.000000000000000000e+00
9.085246990132894718e-01,0.000000000000000000e+00,9.147530098671044496e-02,0.000000000000000000e+00
9.085246990132894718e-01,0.000000000000000000e+00,9.147530098671044496e-02,0.000000000000000000e+00
9.085246990132894718e-01,0.000000000000000000e+00,9.147530098671044496e-02,0.000000000000000000e+00
1.000000000000000000e+00,0.000000000000000000e+00,0.000000000000000000e+00,0.000000000000000000e+00
1.000000000000000000e+00,0.000000000000000000e+00,0.000000000000000000e+00,0.000000000000000000e+00
3.572510119113819771e-01,0.000000000000000000e+00,6.427489880886180229e-01,0.000000000000000000e+00
7.201746450910022634e-01,0.000000000000000000e+00,2.798253549089976255e-01,0.000000000000000000e+00
9.327584126377953533e-01,6.723797782593758654e-02,3.609536267000811324e-06,0.000000000000000000e+00
5.572831083705133137e-01,0.000000000000000000e+00,4.427168916294866863e-01,0.000000000000000000e+00
2.685447572863784438e-01,3.926015646366848855e-01,0.000000000000000000e+00,3.388536780769367263e-01
2.333665182821514916e-01,6.692693021053940095e-02,5.643328023543983142e-03,6.940632234837651460e-01
4.318601370117641225e-01,3.785263243780431774e-01,0.000000000000000000e+00,1.896135386101926723e-01
8.961287116096421368e-01,5.060444526134669566e-03,9.881084386422318844e-02,0.000000000000000000e+00
1.064478256737906158e-04,2.502975268742913539e-01,4.646060770995081302e-01,2.849899482005267548e-01
3.299845053339151013e-01,2.446669848258588020e-01,0.000000000000000000e+00,4.253485098402261522e-01
1.000000000000000000e+00,0.000000000000000000e+00,0.000000000000000000e+00,0.000000000000000000e+00
9.642598186785824588e-01,3.574018132141766613e-02,0.000000000000000000e+00,0.000000000000000000e+00
7.587280715565773992e-01,0.000000000000000000e+00,2.412719284434226563e-01,0.000000000000000000e+00
4.302311549465139690e-02,0.000000000000000000e+00,6.664979603332626956e-01,2.904789241720860393e-01
7.313626117087485001e-01,2.686373882912515554e-01,0.000000000000000000e+00,0.000000000000000000e+00
5.188068541758956986e-02,4.781017073952034679e-01,1.766311756737286841e-10,4.700176070105758219e-01
1.056742680423505658e-02,4.266530228547430470e-01,5.569391922416548884e-04,5.622226111487801381e-01
3.421982256764847796e-01,5.237498622158008876e-01,1.340519121077142772e-01,0.000000000000000000e+00
1.000000000000000000e+00,0.000000000000000000e+00,0.000000000000000000e+00,0.000000000000000000e+00
7.496992084592493111e-01,0.000000000000000000e+00,0.000000000000000000e+00,2.503007915407506889e-01
2.703951312525961215e-01,0.000000000000000000e+00,4.450533301372937012e-01,2.845515386101102329e-01
8.959378293029977014e-01,0.000000000000000000e+00,0.000000000000000000e+00,1.040621706970023402e-01
9.127894472347395372e-01,2.806790136398634034e-02,0.000000000000000000e+00,5.914265140127417802e-02
6.608519157166111713e-01,0.000000000000000000e+00,0.000000000000000000e+00,3.391480842833888287e-01
1.976046305387448021e-01,0.000000000000000000e+00,8.023953694612551146e-01,0.000000000000000000e+00
7.206821549225285173e-01,2.793178450774715937e-01,0.000000000000000000e+00,0.000000000000000000e+00
9.002530341825958349e-01,5.213088339912240465e-02,0.000000000000000000e+00,4.761608241828172577e-02
7.432320933740182989e-01,0.000000000000000000e+00,2.567679066259817011e-01,0.000000000000000000e+00
7.928283733791604559e-01,4.238257688993764954e-02,1.647890497309019708e-01,0.000000000000000000e+00
7.140172239334550142e-01,0.000000000000000000e+00,2.859827760665449858e-01,0.000000000000000000e+00
1.000000000000000000e+00,0.000000000000000000e+00,0.000000000000000000e+00,0.000000000000000000e+00
3.600169694019128563e-01,3.998984546094815906e-01,2.400845759886056363e-01,0.000000000000000000e+00
5.269913124277210148e-01,0.000000000000000000e+00,4.730086875722788187e-01,0.000000000000000000e+00
8.823174427693899480e-01,4.805704995083130530e-03,1.128768522355269172e-01,0.000000000000000000e+00
9.735923550076652777e-01,0.000000000000000000e+00,0.000000000000000000e+00,2.640764499233465984e-02
6.952900043966316890e-01,0.000000000000000000e+00,0.000000000000000000e+00,3.047099956033683665e-01
1.000000000000000000e+00,0.000000000000000000e+00,0.000000000000000000e+00,0.000000000000000000e+00
6.096230187152944513e-01,2.490056432746853288e-01,1.413713380100202477e-01,0.000000000000000000e+00
6.860001427979729449e-01,0.000000000000000000e+00,3.139998572020269441e-01,0.000000000000000000e+00
6.307689314741156128e-01,0.000000000000000000e+00,3.692310685258842762e-01,0.000000000000000000e+00
8.059361412053707152e-01,1.940638587946292293e-01,0.000000000000000000e+00,0.000000000000000000e+00
5.949589865081660323e-01,0.000000000000000000e+00,4.050410134918339122e-01,0.000000000000000000e+00
8.927518625092607518e-01,0.000000000000000000e+00,0.000000000000000000e+00,1.072481374907392343e-01
6.936549934978301080e-01,0.000000000000000000e+00,3.063450065021698920e-01,0.000000000000000000e+00
5.332231606435948734e-01,0.000000000000000000e+00,4.667768393564050711e-01,0.000000000000000000e+00
5.385510181839557875e-01,6.945019295123781508e-03,0.000000000000000000e+00,4.545039625209204015e-01
1.650232367879971573e-01,0.000000000000000000e+00,8.349767632120028704e-01,0.000000000000000000e+00
4.911051734176102856e-01,0.000000000000000000e+00,5.088948265823897144e-01,0.000000000000000000e+00
6.834714692618183429e-01,0.000000000000000000e+00,3.165285307381815461e-01,0.000000000000000000e+00
9.947545181467776221e-01,5.245481853222310267e-03,0.000000000000000000e+00,0.000000000000000000e+00
1.000000000000000000e+00,0.000000000000000000e+00,0.000000000000000000e+00,0.000000000000000000e+00
7.123086688547275447e-01,0.000000000000000000e+00,2.876913311452723998e-01,0.000000000000000000e+00
9.150072579825058172e-02,4.002863725932767625e-01,5.082129016084727668e-01,0.000000000000000000e+00
8.034102767427431235e-01,0.000000000000000000e+00,1.965897232572569042e-01,0.000000000000000000e+00
8.005845353338482129e-01,1.994154646661518981e-01,0.000000000000000000e+00,0.000000000000000000e+00
5.388143595787587854e-04,0.000000000000000000e+00,9.994611856404211903e-01,0.000000000000000000e+00
6.599976258397973750e-01,0.000000000000000000e+00,5.486599242297935525e-02,2.851363817372232767e-01
8.009553585726824076e-01,0.000000000000000000e+00,0.000000000000000000e+00,1.990446414273175646e-01
6.528418643026696611e-01,2.271419798215246200e-02,0.000000000000000000e+00,3.244439377151779325e-01
8.119178704476353453e-03,4.399636636202315931e-01,9.437487776942766706e-07,5.519162139265144651e-01
2.852813561774297790e-01,0.000000000000000000e+00,7.147186438225702210e-01,0.000000000000000000e+00
9.752366671680454679e-01,2.476333283195459103e-02,0.000000000000000000e+00,0.000000000000000000e+00
6.450351604638847602e-01,0.000000000000000000e+00,3.549648395361151842e-01,0.000000000000000000e+00
4.112451189569338306e-02,0.000000000000000000e+00,5.178876150254558830e-01,4.409878730788507339e-01
2.056127521161726923e-01,2.362263497392775580e-01,3.339344580493666115e-01,2.242264400951831105e-01
6.476755055620830870e-01,2.095049958093787301e-01,1.428194986285382384e-01,0.000000000000000000e+00
4.888288153224178423e-01,1.039150902107155716e-01,4.072560944668666694e-01,0.000000000000000000e+00
7.642332060886495304e-01,0.000000000000000000e+00,2.357667939113505806e-01,0.000000000000000000e+00
8.319726108281605415e-01,0.000000000000000000e+00,0.000000000000000000e+00,1.680273891718394585e-01
7.482494652564485316e-01,0.000000000000000000e+00,0.000000000000000000e+00,2.517505347435514129e-01
9.025102880186341991e-01,0.000000000000000000e+00,9.748971198136585636e-02,0.000000000000000000e+00
5.541603362936368127e-01,4.083017244224256270e-01,3.753793928393766438e-02,0.000000000000000000e+00
1.000000000000000000e+00,0.000000000000000000e+00,0.000000000000000000e+00,0.000000000000000000e+00
6.773968268813362892e-01,3.120464782066506015e-01,1.055669491201308846e-02,0.000000000000000000e+00
7.519257958285846533e-01,3.935196923296921390e-02,2.087222349384461884e-01,0.000000000000000000e+00
8.062117453561827851e-01,0.000000000000000000e+00,1.937882546438172149e-01,0.000000000000000000e+00
1.624078827496645283e-01,0.000000000000000000e+00,8.375921172503354439e-01,0.000000000000000000e+00
1.858219710669335722e-01,3.565858616079594645e-01,1.074718887663753299e-04,4.574846954363405160e-01
9.503423017898918745e-01,4.014378699447984644e-02,9.513911215628285956e-03,0.000000000000000000e+00
6.681737419121783761e-01,3.059256085333921793e-01,0.000000000000000000e+00,2.590064955442952788e-02
1.464802288358785787e-01,4.992590240418634528e-01,3.086015196949252193e-01,4.565922742733270756e-02
6.857572648803182680e-02,0.000000000000000000e+00,5.981827146390157335e-01,3.332415588729523703e-01
1.000000000000000000e+00,0.000000000000000000e+00,0.000000000000000000e+00,0.000000000000000000e+00
9.041130761645785885e-01,9.588692383542134212e-02,0.000000000000000000e+00,0.000000000000000000e+00
1.000000000000000000e+00,0.000000000000000000e+00,0.000000000000000000e+00,0.000000000000000000e+00
5.783072469950421013e-01,0.000000000000000000e+00,4.216927530049577877e-01,0.000000000000000000e+00
4.621788570515983907e-01,2.950954421300490682e-01,2.427257008183526521e-01,0.000000000000000000e+00
5.692323421374577697e-01,3.415074060035507286e-01,8.926025185899154335e-02,0.000000000000000000e+00
1.000000000000000000e+00,0.000000000000000000e+00,0.000000000000000000e+00,0.000000000000000000e+00
8.883044171600231742e-01,0.000000000000000000e+00,0.000000000000000000e+00,1.116955828399768952e-01
1.000000000000000000e+00,0.000000000000000000e+00,0.000000000000000000e+00,0.000000000000000000e+00
8.698305572528811647e-01,0.000000000000000000e+00,0.000000000000000000e+00,1.301694427471188353e-01
7.566736888260733318e-01,0.000000000000000000e+00,0.000000000000000000e+00,2.433263111739266960e-01
2.337753524969393149e-01,4.797419409856315542e-01,2.864827065174290754e-01,0.000000000000000000e+00
1.000000000000000000e+00,0.000000000000000000e+00,0.000000000000000000e+00,0.000000000000000000e+00
9.429140949795731252e-01,5.708590502042693027e-02,0.000000000000000000e+00,0.000000000000000000e+00
5.738525169761322653e-01,4.261474830238679012e-01,0.000000000000000000e+00,0.000000000000000000e+00
4.504904376983887015e-01,0.000000000000000000e+00,1.742886088931618616e-01,3.752209534084494646e-01
8.886159349065413382e-01,0.000000000000000000e+00,1.113840650934587173e-01,0.000000000000000000e+00
4.912638324369770215e-01,0.000000000000000000e+00,5.087361675630229785e-01,0.000000000000000000e+00
1.000000000000000000e+00,0.000000000000000000e+00,0.000000000000000000e+00,0.000000000000000000e+00
4.304415238746688299e-01,0.000000000000000000e+00,5.592062328335408589e-02,5.136378528419770495e-01
8.245386733097584964e-01,0.000000000000000000e+00,0.000000000000000000e+00,1.754613266902415036e-01
1.000000000000000000e+00,0.000000000000000000e+00,0.000000000000000000e+00,0.000000000000000000e+00
9.617827278768611432e-01,2.823919206771536780e-02,9.978080055423544509e-03,0.000000000000000000e+00
1.000000000000000000e+00,0.000000000000000000e+00,0.000000000000000000e+00,0.000000000000000000e+00
5.994238919852609149e-01,4.005761080147390851e-01,0.000000000000000000e+00,0.000000000000000000e+00
4.969435639743004923e-02,0.000000000000000000e+00,9.503056436025699716e-01,0.000000000000000000e+00
7.107748215722052842e-01,2.892251784277946602e-01,0.000000000000000000e+00,0.000000000000000000e+00
8.010878007476862628e-01,0.000000000000000000e+00,1.989121992523137372e-01,0.000000000000000000e+00
5.881153498397467816e-01,0.000000000000000000e+00,0.000000000000000000e+00,4.118846501602532739e-01
9.356142378254918013e-01,6.438576217450817096e-02,0.000000000000000000e+00,0.000000000000000000e+00
1.000000000000000000e+00,0.000000000000000000e+00,0.000000000000000000e+00,0.000000000000000000e+00
9.108023020907565215e-01,0.000000000000000000e+00,0.000000000000000000e+00,8.919769790924342301e-02
1.000000000000000000e+00,0.000000000000000000e+00,0.000000000000000000e+00,0.000000000000000000e+00
4.587663748946063103e-01,0.000000000000000000e+00,5.412336251053936342e-01,0.000000000000000000e+00
9.380425272305591422e-01,6.195747276944092718e-02,0.000000000000000000e+00,0.000000000000000000e+00
7.322767782590379238e-06,0.000000000000000000e+00,9.999926772318935564e-01,3.238443577702028714e-13
1.915928271065064914e-01,0.000000000000000000e+00,1.040703610204134349e-01,7.043368118730800598e-01
1.000000000000000000e+00,0.000000000000000000e+00,0.000000000000000000e+00,0.000000000000000000e+00
7.221072609833825151e-01,0.000000000000000000e+00,1.118430562816699891e-01,1.660496827349475790e-01
9.295840265569810246e-01,0.000000000000000000e+00,7.041597344301891992e-02,0.000000000000000000e+00
7.991902492142789471e-01,0.000000000000000000e+00,2.008097507857210251e-01,0.000000000000000000e+00
7.377582896615816344e-01,2.622417103384183656e-01,0.000000000000000000e+00,0.000000000000000000e+00
7.270051477655399275e-01,0.000000000000000000e+00,2.016358544792543339e-01,7.135899775520573862e-02
8.822197554322614007e-04,0.000000000000000000e+00,6.422048061209941761e-01,3.569129741235736453e-01
4.401810278909669139e-01,0.000000000000000000e+00,5.598189721090331972e-01,0.000000000000000000e+00
5.642272498687209703e-01,0.000000000000000000e+00,4.357727501312790297e-01,0.000000000000000000e+00
1.000000000000000000e+00,0.000000000000000000e+00,0.000000000000000000e+00,0.000000000000000000e+00
7.977627357476151371e-01,1.903366367048132390e-01,1.190062754757172277e-02,0.000000000000000000e+00
4.967992780814546872e-01,1.006656728463975053e-01,3.459064617025680022e-01,5.662858736957968042e-02
1.000000000000000000e+00,0.000000000000000000e+00,0.000000000000000000e+00,0.000000000000000000e+00
7.264091135069281613e-01,2.735908864930717832e-01,0.000000000000000000e+00,0.000000000000000000e+00
6.775290632959409809e-01,4.880775100155398255e-02,1.878669347485608376e-01,8.579625095394420586e-02
9.999159083021265104e-01,0.000000000000000000e+00,8.409169787353225616e-05,0.000000000000000000e+00
9.312357799293429217e-01,6.876422007065699504e-02,0.000000000000000000e+00,0.000000000000000000e+00
1.000000000000000000e+00,0.000000000000000000e+00,0.000000000000000000e+00,0.000000000000000000e+00
8.215460615860649130e-01,0.000000000000000000e+00,1.784539384139350038e-01,0.000000000000000000e+00
1.000000000000000000e+00,0.000000000000000000e+00,0.000000000000000000e+00,0.000000000000000000e+00
9.906906188453497020e-01,9.259389257295864983e-03,4.999189735437142249e-05,0.000000000000000000e+00
8.078855381592768836e-01,0.000000000000000000e+00,0.000000000000000000e+00,1.921144618407230886e-01
1.000000000000000000e+00,0.000000000000000000e+00,0.000000000000000000e+00,0.000000000000000000e+00
9.678861422473918896e-01,3.211385775260809650e-02,0.000000000000000000e+00,0.000000000000000000e+00
1.000000000000000000e+00,0.000000000000000000e+00,0.000000000000000000e+00,0.000000000000000000e+00
1.000000000000000000e+00,0.000000000000000000e+00,0.000000000000000000e+00,0.000000000000000000e+00
9.265746137193908716e-01,7.342538628060917005e-02,0.000000000000000000e+00,0.000000000000000000e+00
2.921239272050820356e-05,0.000000000000000000e+00,9.999707876072795321e-01,0.000000000000000000e+00
7.757580132524853900e-01,7.472764108531086691e-02,1.495143456622037292e-01,0.000000000000000000e+00
1.000000000000000000e+00,0.000000000000000000e+00,0.000000000000000000e+00,0.000000000000000000e+00
8.048294622557168321e-01,0.000000000000000000e+00,1.951705377442831957e-01,0.000000000000000000e+00
8.185528605528269441e-01,8.075787909289780520e-02,1.006892603542754172e-01,0.000000000000000000e+00
7.246113909288628419e-01,2.753886090711371026e-01,0.000000000000000000e+00,0.000000000000000000e+00
9.998405809616620621e-01,0.000000000000000000e+00,0.000000000000000000e+00,1.594190383378860608e-04
8.902416360645970528e-01,0.000000000000000000e+00,0.000000000000000000e+00,1.097583639354030027e-01
4.416202880799237618e-01,5.583797119200762937e-01,0.000000000000000000e+00,0.000000000000000000e+00
2.697704384855750259e-01,4.079858662061772723e-01,3.222436953082476463e-01,0.000000000000000000e+00
5.762888246544873860e-01,2.883678099713151144e-01,1.353433653741974996e-01,0.000000000000000000e+00
9.071561538597965324e-01,0.000000000000000000e+00,9.284384614020346760e-02,0.000000000000000000e+00
