6.921175643698386226e-01,2.570460127677586665e-02,2.796716893012320473e-02,2.356587136232447255e-01,9.502055664405317792e-03,0.000000000000000000e+00,0.000000000000000000e+00,9.049896135612306089e-03
8.122029288949527137e-01,0.000000000000000000e+00,0.000000000000000000e+00,1.855666360426827810e-01,0.000000000000000000e+00,0.000000000000000000e+00,2.230435062364444568e-03,0.000000000000000000e+00
7.680585740198303535e-01,0.000000000000000000e+00,2.907519537910756421e-04,0.000000000000000000e+00,0.000000000000000000e+00,0.000000000000000000e+00,2.316506740263784836e-01,0.000000000000000000e+00
1.608708877171254395e-03,0.000000000000000000e+00,6.269625119331652119e-01,0.000000000000000000e+00,3.713673133222486489e-01,6.146586741483713728e-05,0.000000000000000000e+00,0.000000000000000000e+00
5.640714713735451441e-02,0.000000000000000000e+00,0.000000000000000000e+00,3.549211381846434366e-01,8.794259552601077501e-02,5.007291191519912532e-01,0.000000000000000000e+00,0.000000000000000000e+00
5.701675907688864564e-01,4.298267693353624019e-01,0.000000000000000000e+00,0.000000000000000000e+00,0.000000000000000000e+00,5.639895751093421312e-06,0.000000000000000000e+00,0.000000000000000000e+00
8.810329180752832778e-01,0.000000000000000000e+00,0.000000000000000000e+00,0.000000000000000000e+00,0.000000000000000000e+00,1.072093701744264160e-01,0.000000000000000000e+00,1.175771175029038593e-02
8.547647905370279187e-01,0.000000000000000000e+00,1.310997623849921578e-01,0.000000000000000000e+00,0.000000000000000000e+00,0.000000000000000000e+00,1.412201886208054417e-02,1.342821589924661174e-05
2.429062527903006752e-01,0.000000000000000000e+00,0.000000000000000000e+00,0.000000000000000000e+00,0.000000000000000000e+00,7.028396622933874571e-01,2.110215319099263535e-04,5.404306338440197782e-02
1.580804667291749177e-01,3.890596239905625975e-01,5.325461505876533455e-03,4.191570704319886320e-01,2.837737734239715801e-02,0.000000000000000000e+00,0.000000000000000000e+00,0.000000000000000000e+00
9.334133017967198853e-01,0.000000000000000000e+00,6.658668727926987663e-02,0.000000000000000000e+00,0.000000000000000000e+00,0.000000000000000000e+00,0.000000000000000000e+00,1.092401011511080704e-08
7.348648778817767901e-01,2.612636315919570351e-01,0.000000000000000000e+00,0.000000000000000000e+00,0.000000000000000000e+00,0.000000000000000000e+00,0.000000000000000000e+00,3.871490526266182109e-03
6.232761080865645287e-02,5.248285459755891447e-01,0.000000000000000000e+00,0.000000000000000000e+00,0.000000000000000000e+00,0.000000000000000000e+00,4.128438432157545135e-01,0.000000000000000000e+00
1.998989174592680773e-01,0.000000000000000000e+00,0.000000000000000000e+00,2.976301427972637970e-01,5.024709397434681257e-01,0.000000000000000000e+00,0.000000000000000000e+00,0.000000000000000000e+00
8.605079955452362706e-01,0.000000000000000000e+00,1.387089380781046655e-01,0.000000000000000000e+00,0.000000000000000000e+00,0.000000000000000000e+00,0.000000000000000000e+00,7.830663766591063708e-04
1.608317197952276179e-01,0.000000000000000000e+00,1.887487539393061242e-01,6.504195262654663967e-01,0.000000000000000000e+00,0.000000000000000000e+00,0.000000000000000000e+00,0.000000000000000000e+00
3.957906638459530169e-01,0.000000000000000000e+00,2.714133370026725611e-01,3.222327611163434691e-01,8.341352118438824514e-03,0.000000000000000000e+00,0.000000000000000000e+00,2.221885916592173521e-03
7.273548316158369165e-01,1.139272023664137795e-01,0.000000000000000000e+00,0.000000000000000000e+00,7.579153599587097612e-02,1.763798011407078162e-02,6.528844990780759139e-02,0.000000000000000000e+00
6.455505726121938403e-01,0.000000000000000000e+00,0.000000000000000000e+00,0.000000000000000000e+00,2.989817492711281943e-01,0.000000000000000000e+00,4.618479957377866901e-02,9.282878542899436827e-03
9.610776544811655553e-01,0.000000000000000000e+00,0.000000000000000000e+00,0.000000000000000000e+00,0.000000000000000000e+00,3.892234551883453492e-02,0.000000000000000000e+00,0.000000000000000000e+00
8.837725397001625627e-01,0.000000000000000000e+00,1.071539164147573830e-01,0.000000000000000000e+00,0.000000000000000000e+00,0.000000000000000000e+00,4.502783329122644722e-03,4.570760555957365315e-03
5.962809475921350133e-01,0.000000000000000000e+00,0.000000000000000000e+00,0.000000000000000000e+00,4.037190524078650422e-01,0.000000000000000000e+00,0.000000000000000000e+00,0.000000000000000000e+00
8.140156483273784938e-01,7.509635513069981561e-02,0.000000000000000000e+00,0.000000000000000000e+00,0.000000000000000000e+00,0.000000000000000000e+00,9.747673814588028729e-02,1.341125839604140682e-02
6.112439424669244836e-01,0.000000000000000000e+00,0.000000000000000000e+00,0.000000000000000000e+00,5.759498836610686678e-02,3.090527489450917709e-01,2.210832022187685791e-02,0.000000000000000000e+00
4.965089008268091381e-02,9.464096616943471485e-01,3.939448222971992340e-03,0.000000000000000000e+00,0.000000000000000000e+00,0.000000000000000000e+00,0.000000000000000000e+00,0.000000000000000000e+00
1.059871703052821384e-01,3.524133419577347714e-01,1.241160115454867929e-01,1.212391952845547072e-01,0.000000000000000000e+00,2.879797530607228206e-01,0.000000000000000000e+00,8.264527846218798837e-03
1.144785690611031977e-02,5.635915222269660685e-01,0.000000000000000000e+00,1.468380027459817161e-01,0.000000000000000000e+00,2.624194480829129539e-01,0.000000000000000000e+00,1.570317003802893657e-02
6.237264932926527283e-01,0.000000000000000000e+00,0.000000000000000000e+00,3.762735067073473827e-01,0.000000000000000000e+00,0.000000000000000000e+00,0.000000000000000000e+00,0.000000000000000000e+00
6.039802821465967142e-01,0.000000000000000000e+00,1.486330362079528586e-03,2.964387533939795150e-01,4.883067308150491198e-02,0.000000000000000000e+00,4.926396101583935955e-02,0.000000000000000000e+00
9.360789118662714570e-01,1.383987770991755746e-02,0.000000000000000000e+00,0.000000000000000000e+00,5.008121042381096649e-02,0.000000000000000000e+00,0.000000000000000000e+00,0.000000000000000000e+00
1.068814193169025650e-01,0.000000000000000000e+00,1.030550301281165683e-02,4.900443042091531254e-01,1.044864848518080591e-01,2.882778526268465202e-01,0.000000000000000000e+00,4.435982478090431498e-06
7.585194339243079842e-01,0.000000000000000000e+00,0.000000000000000000e+00,2.846957118902102707e-02,0.000000000000000000e+00,2.130109948866708847e-01,0.000000000000000000e+00,0.000000000000000000e+00
5.459379324762401176e-01,0.000000000000000000e+00,0.000000000000000000e+00,4.540620675237599935e-01,0.000000000000000000e+00,0.000000000000000000e+00,0.000000000000000000e+00,0.000000000000000000e+00
8.113007283618458576e-01,0.000000000000000000e+00,0.000000000000000000e+00,1.886992716381541979e-01,0.000000000000000000e+00,0.000000000000000000e+00,0.000000000000000000e+00,0.000000000000000000e+00
2.250217949635340275e-01,0.000000000000000000e+00,0.000000000000000000e+00,0.000000000000000000e+00,1.135386589592251166e-01,6.614395459880133554e-01,8.922746385155736758e-11,0.000000000000000000e+00
9.495355873969514304e-01,4.407238948380377830e-02,0.000000000000000000e+00,0.000000000000000000e+00,0.000000000000000000e+00,0.000000000000000000e+00,6.021523341450845009e-03,3.704997777939435548e-04
9.857782095718593540e-01,0.000000000000000000e+00,3.337744246748534476e-06,0.000000000000000000e+00,1.608948813211923384e-03,0.000000000000000000e+00,1.260950387068209520e-02,0.000000000000000000e+00
5.789847665828201694e-04,0.000000000000000000e+00,0.000000000000000000e+00,0.000000000000000000e+00,4.924495850202958470e-03,9.932831241281439016e-01,1.213395255070388997e-03,0.000000000000000000e+00
2.185080804064139237e-01,2.603719822469132139e-01,5.210352086825665863e-01,0.000000000000000000e+00,0.000000000000000000e+00,8.472866410621289913e-05,0.000000000000000000e+00,0.000000000000000000e+00
4.755043626493800080e-01,0.000000000000000000e+00,0.000000000000000000e+00,0.000000000000000000e+00,4.415660294488303172e-04,5.240538220477806153e-01,2.492733905858059978e-07,0.000000000000000000e+00
1.000000000000000000e+00,0.000000000000000000e+00,0.000000000000000000e+00,0.000000000000000000e+00,0.000000000000000000e+00,0.000000000000000000e+00,0.000000000000000000e+00,0.000000000000000000e+00
9.872680340597337345e-01,0.000000000000000000e+00,0.000000000000000000e+00,0.000000000000000000e+00,0.000000000000000000e+00,0.000000000000000000e+00,1.029789368391438933e-02,2.434072256351913020e-03
9.845852174765755693e-01,0.000000000000000000e+00,0.000000000000000000e+00,0.000000000000000000e+00,0.000000000000000000e+00,0.000000000000000000e+00,1.258156881735771754e-02,2.833213706066654153e-03
6.568212789929557260e-01,3.261958735715974056e-01,0.000000000000000000e+00,0.000000000000000000e+00,0.000000000000000000e+00,1.698284743544692041e-02,0.000000000000000000e+00,0.000000000000000000e+00
7.260305117004219877e-01,0.000000000000000000e+00,2.384307941550173060e-01,0.000000000000000000e+00,0.000000000000000000e+00,0.000000000000000000e+00,3.553869414456064385e-02,0.000000000000000000e+00
5.492211955707460014e-01,0.000000000000000000e+00,9.801164494581154907e-02,0.000000000000000000e+00,0.000000000000000000e+00,3.143010323183821897e-01,3.846612716506022517e-02,0.000000000000000000e+00
7.153199075961248488e-01,2.793011497555356604e-01,0.000000000000000000e+00,0.000000000000000000e+00,0.000000000000000000e+00,5.378942648339499547e-03,0.000000000000000000e+00,0.000000000000000000e+00
4.025343850849963848e-07,0.000000000000000000e+00,2.014322801009187924e-01,1.234356187457064380e-01,0.000000000000000000e+00,6.519590860496463636e-01,2.317261256934329688e-02,0.000000000000000000e+00
9.841418199738080075e-01,0.000000000000000000e+00,1.381260980776184282e-06,0.000000000000000000e+00,0.000000000000000000e+00,0.000000000000000000e+00,9.086758072039563018e-04,1.494812295800731008e-02
6.073317547508079173e-01,0.000000000000000000e+00,0.000000000000000000e+00,3.926682452491920827e-01,0.000000000000000000e+00,0.000000000000000000e+00,0.000000000000000000e+00,0.000000000000000000e+00
8.329628295373229241e-01,0.000000000000000000e+00,1.396343203537698252e-01,0.000000000000000000e+00,0.000000000000000000e+00,2.443226278142736352e-02,0.000000000000000000e+00,2.970587327479810424e-03
3.125903772315542090e-02,0.000000000000000000e+00,0.000000000000000000e+00,2.047509961694698455e-01,3.681513750717367861e-01,3.958385910356379545e-01,0.000000000000000000e+00,0.000000000000000000e+00
9.828319222728870708e-01,0.000000000000000000e+00,0.000000000000000000e+00,0.000000000000000000e+00,0.000000000000000000e+00,3.223952820050165341e-03,0.000000000000000000e+00,1.394412490706282287e-02
6.747192715727013956e-01,2.752290034146034348e-01,0.000000000000000000e+00,0.000000000000000000e+00,3.221821369320375210e-03,4.682990364337479006e-02,0.000000000000000000e+00,0.000000000000000000e+00
9.629676890287693913e-01,0.000000000000000000e+00,2.723777161927897275e-02,0.000000000000000000e+00,0.000000000000000000e+00,0.000000000000000000e+00,0.000000000000000000e+00,9.794539351951568260e-03
7.816999740831050980e-01,0.000000000000000000e+00,0.000000000000000000e+00,0.000000000000000000e+00,7.666960483017196126e-02,2.308270009692955232e-02,7.219032860425038389e-02,4.635739238554305308e-02
1.000000000000000000e+00,0.000000000000000000e+00,0.000000000000000000e+00,0.000000000000000000e+00,0.000000000000000000e+00,0.000000000000000000e+00,0.000000000000000000e+00,0.000000000000000000e+00
9.783604007603772246e-01,0.000000000000000000e+00,0.000000000000000000e+00,0.000000000000000000e+00,0.000000000000000000e+00,1.007230107469138380e-02,5.349532336951438698e-03,6.217765827979904354e-03
8.815164225431115774e-01,0.000000000000000000e+00,4.221494270264158910e-02,0.000000000000000000e+00,0.000000000000000000e+00,7.625807151429014885e-02,1.056323995666062601e-05,0.000000000000000000e+00
7.240984661548469647e-01,0.000000000000000000e+00,0.000000000000000000e+00,0.000000000000000000e+00,2.347795643805373339e-02,2.313116714713158439e-01,3.818844969431741537e-03,1.729306096635175455e-02
9.201598858129198533e-01,3.053002875204562788e-02,0.000000000000000000e+00,0.000000000000000000e+00,0.000000000000000000e+00,0.000000000000000000e+00,4.235370219955855720e-02,6.956383235475947779e-03
9.998671009214221694e-01,0.000000000000000000e+00,0.000000000000000000e+00,0.000000000000000000e+00,0.000000000000000000e+00,0.000000000000000000e+00,1.129589172721809222e-05,1.216031868506108922e-04
8.093454776682776908e-01,2.679882398973962646e-02,0.000000000000000000e+00,0.000000000000000000e+00,3.826954083652100904e-03,1.275544346536590379e-01,2.059401062553699660e-02,1.188029897913454001e-02
5.910545705279257600e-01,0.000000000000000000e+00,2.394801386095896933e-01,0.000000000000000000e+00,0.000000000000000000e+00,1.456991652282025873e-01,2.376024929692542934e-02,5.876337356544975440e-06
3.882939860444652447e-01,0.000000000000000000e+00,0.000000000000000000e+00,0.000000000000000000e+00,4.013117435533827826e-01,1.837742232553627175e-01,0.000000000000000000e+00,2.662004714678935929e-02
7.325248985352659226e-01,0.000000000000000000e+00,0.000000000000000000e+00,0.000000000000000000e+00,0.000000000000000000e+00,2.674115096223929067e-01,6.359184234116327329e-05,0.000000000000000000e+00
1.471765679076422577e-02,0.000000000000000000e+00,8.923497110728716430e-01,0.000000000000000000e+00,0.000000000000000000e+00,3.708164866034004137e-02,1.958765791995498162e-02,3.626332555606916891e-02
7.025619019003558150e-05,0.000000000000000000e+00,0.000000000000000000e+00,4.087269476956149616e-01,0.000000000000000000e+00,5.912014027210716893e-01,1.393393123242295904e-06,0.000000000000000000e+00
7.751115683321864631e-03,0.000000000000000000e+00,9.918127689446781803e-01,0.000000000000000000e+00,0.000000000000000000e+00,0.000000000000000000e+00,1.199528610338974536e-04,3.161625109660580251e-04
8.444585685719639689e-02,0.000000000000000000e+00,5.002260345675589859e-01,4.144759652988179166e-01,8.289381311719709470e-04,0.000000000000000000e+00,0.000000000000000000e+00,2.320514525466625157e-05
5.575237853611211269e-01,0.000000000000000000e+00,4.041460856739780838e-01,0.000000000000000000e+00,0.000000000000000000e+00,3.833012896490080312e-02,0.000000000000000000e+00,0.000000000000000000e+00
9.840885929640534879e-01,0.000000000000000000e+00,0.000000000000000000e+00,0.000000000000000000e+00,0.000000000000000000e+00,5.862174882144306765e-03,2.169037697351099475e-05,1.002754177682874982e-02
5.467326738485827065e-01,4.984947423710687359e-02,2.717668627915853508e-01,0.000000000000000000e+00,0.000000000000000000e+00,0.000000000000000000e+00,1.316509891227251594e-01,0.000000000000000000e+00
9.155875642527488978e-01,0.000000000000000000e+00,8.434434161534146157e-02,0.000000000000000000e+00,0.000000000000000000e+00,6.809413190962744261e-05,0.000000000000000000e+00,0.000000000000000000e+00
7.503622396110729009e-02,0.000000000000000000e+00,8.419320367531407667e-01,0.000000000000000000e+00,0.000000000000000000e+00,5.975245376029403310e-02,2.327928552545784763e-02,0.000000000000000000e+00
1.000000000000000000e+00,0.000000000000000000e+00,0.000000000000000000e+00,0.000000000000000000e+00,0.000000000000000000e+00,0.000000000000000000e+00,0.000000000000000000e+00,0.000000000000000000e+00
4.469499467839838092e-01,0.000000000000000000e+00,0.000000000000000000e+00,9.669486596692970781e-02,1.988665053677092787e-01,2.574886818813773570e-01,0.000000000000000000e+00,0.000000000000000000e+00
7.773434381669859228e-01,0.000000000000000000e+00,0.000000000000000000e+00,0.000000000000000000e+00,2.017747499061653960e-01,1.957024044667780155e-02,0.000000000000000000e+00,1.311571480170995287e-03
3.924985742858571602e-01,0.000000000000000000e+00,0.000000000000000000e+00,0.000000000000000000e+00,6.075014257141427843e-01,0.000000000000000000e+00,0.000000000000000000e+00,0.000000000000000000e+00
3.924985742858571602e-01,0.000000000000000000e+00,0.000000000000000000e+00,0.000000000000000000e+00,6.075014257141427843e-01,0.000000000000000000e+00,0.000000000000000000e+00,0.000000000000000000e+00
4.453791814318968645e-01,3.702062867166103222e-01,0.000000000000000000e+00,0.000000000000000000e+00,8.826177704845566963e-02,9.615275480303714373e-02,0.000000000000000000e+00,0.000000000000000000e+00
9.804833621223791873e-01,2.087338159177277910e-03,4.795281510318293570e-04,0.000000000000000000e+00,0.000000000000000000e+00,0.000000000000000000e+00,1.972154342907830552e-06,1.694779941306870374e-02
9.933921629140254339e-01,0.000000000000000000e+00,6.576703672052088175e-03,0.000000000000000000e+00,0.000000000000000000e+00,0.000000000000000000e+00,0.000000000000000000e+00,3.113341392253666932e-05
9.174391124752042659e-01,0.000000000000000000e+00,0.000000000000000000e+00,0.000000000000000000e+00,0.000000000000000000e+00,6.424075670010642725e-02,0.000000000000000000e+00,1.832013082468932075e-02
4.379810749545288151e-01,0.000000000000000000e+00,1.455180685846002298e-01,0.000000000000000000e+00,0.000000000000000000e+00,0.000000000000000000e+00,4.165008564608709829e-01,0.000000000000000000e+00
5.023495420515080578e-01,0.000000000000000000e+00,4.054456985386719059e-01,0.000000000000000000e+00,0.000000000000000000e+00,6.900817963363474472e-02,0.000000000000000000e+00,2.319657977618530195e-02
4.242197410612567054e-01,0.000000000000000000e+00,0.000000000000000000e+00,0.000000000000000000e+00,2.762382637472841135e-07,5.696804335594021218e-01,6.099549141077498758e-03,0.000000000000000000e+00
9.271585702502987969e-01,0.000000000000000000e+00,0.000000000000000000e+00,0.000000000000000000e+00,1.760400409590137660e-02,5.417548594572529214e-02,0.000000000000000000e+00,1.061939708074577946e-03
6.448639178299110375e-01,0.000000000000000000e+00,1.222738100740943246e-01,6.455074614410763467e-02,0.000000000000000000e+00,1.161381212103847482e-01,5.217340474150223423e-02,0.000000000000000000e+00
7.523814281343144117e-01,1.881440277862966581e-01,3.118626010717508515e-02,0.000000000000000000e+00,0.000000000000000000e+00,2.828828397221380686e-02,0.000000000000000000e+00,0.000000000000000000e+00
7.952731244533109978e-01,0.000000000000000000e+00,0.000000000000000000e+00,1.193036025265358513e-01,8.542327302015313706e-02,0.000000000000000000e+00,0.000000000000000000e+00,0.000000000000000000e+00
5.531567146423158610e-01,0.000000000000000000e+00,4.407637246015858046e-01,0.000000000000000000e+00,0.000000000000000000e+00,0.000000000000000000e+00,3.950953356549767313e-06,6.075609802741755057e-03
9.054973696188960419e-01,0.000000000000000000e+00,8.974858816277078710e-02,0.000000000000000000e+00,0.000000000000000000e+00,0.000000000000000000e+00,0.000000000000000000e+00,4.754042218333205672e-03
1.120194185813901955e-01,0.000000000000000000e+00,2.195781378797023453e-01,1.559379326060262583e-01,1.242165855793266188e-01,3.876103092149467133e-01,6.286891167284041617e-04,8.927021879481414240e-06
9.841229841485791274e-01,0.000000000000000000e+00,0.000000000000000000e+00,0.000000000000000000e+00,0.000000000000000000e+00,0.000000000000000000e+00,4.389932743166117222e-03,1.148708310825477703e-02
7.575733005470151049e-01,0.000000000000000000e+00,1.508685181563622080e-01,0.000000000000000000e+00,0.000000000000000000e+00,8.903986589536855289e-02,0.000000000000000000e+00,2.518315401254089553e-03
5.307579938511610779e-05,0.000000000000000000e+00,9.908476928627513169e-01,0.000000000000000000e+00,0.000000000000000000e+00,0.000000000000000000e+00,0.000000000000000000e+00,9.099231337863618319e-03
8.609753040528228540e-01,0.000000000000000000e+00,1.436526160521179804e-02,0.000000000000000000e+00,0.000000000000000000e+00,1.127940626820549685e-01,0.000000000000000000e+00,1.186537165991034121e-02
6.640666503497000316e-04,0.000000000000000000e+00,0.000000000000000000e+00,0.000000000000000000e+00,5.883422573202230499e-01,4.109936760294272129e-01,0.000000000000000000e+00,0.000000000000000000e+00
4.723591898434606473e-01,2.007613293615868530e-02,9.417854550530012359e-02,1.334557553118842221e-01,1.515323002392701440e-04,2.512884752275968414e-01,1.112587731804437138e-02,1.736449155731592531e-02
6.080150872991652022e-01,0.000000000000000000e+00,0.000000000000000000e+00,0.000000000000000000e+00,0.000000000000000000e+00,3.914608442332431215e-01,0.000000000000000000e+00,5.240684675917439000e-04
7.593350755745276182e-02,0.000000000000000000e+00,4.338006259629111350e-01,4.534583603053607970e-01,3.680750617427544502e-02,0.000000000000000000e+00,0.000000000000000000e+00,0.000000000000000000e+00
8.696915632189737844e-01,0.000000000000000000e+00,1.131328601444444859e-01,0.000000000000000000e+00,0.000000000000000000e+00,4.092968149505901037e-04,0.000000000000000000e+00,1.676627982163120603e-02
2.525068990009471381e-01,2.660602307585093930e-06,5.668016311708263047e-03,0.000000000000000000e+00,0.000000000000000000e+00,0.000000000000000000e+00,7.418224240850369577e-01,0.000000000000000000e+00
2.897048708122586247e-02,0.000000000000000000e+00,0.000000000000000000e+00,0.000000000000000000e+00,3.703689541031204291e-01,6.006605588156538333e-01,0.000000000000000000e+00,0.000000000000000000e+00
9.840295959941367521e-01,1.597040400586313344e-02,0.000000000000000000e+00,0.000000000000000000e+00,0.000000000000000000e+00,0.000000000000000000e+00,0.000000000000000000e+00,0.000000000000000000e+00
2.405210301090494329e-01,0.000000000000000000e+00,4.609872766910377839e-01,0.000000000000000000e+00,0.000000000000000000e+00,2.443847699755288261e-01,5.410692322438401258e-02,0.000000000000000000e+00
9.875482277442421131e-01,0.000000000000000000e+00,0.000000000000000000e+00,0.000000000000000000e+00,0.000000000000000000e+00,0.000000000000000000e+00,1.245177225575784356e-02,0.000000000000000000e+00
7.370494230820799908e-01,0.000000000000000000e+00,2.461509995789117056e-01,0.000000000000000000e+00,0.000000000000000000e+00,0.000000000000000000e+00,1.679957733900835568e-02,0.000000000000000000e+00
9.852084028528222959e-01,0.000000000000000000e+00,0.000000000000000000e+00,0.000000000000000000e+00,0.000000000000000000e+00,0.000000000000000000e+00,1.477581212998999027e-02,1.578501718768583013e-05
3.124379725811583519e-01,0.000000000000000000e+00,6.857133676742308559e-01,0.000000000000000000e+00,0.000000000000000000e+00,1.759138379579355512e-04,1.672745906652892524e-03,0.000000000000000000e+00
7.045295738059448309e-01,0.000000000000000000e+00,0.000000000000000000e+00,0.000000000000000000e+00,2.327630531987396820e-02,2.092642600313860679e-01,6.292986084279506009e-02,0.000000000000000000e+00
5.003832145930509068e-01,0.000000000000000000e+00,3.823890808058018065e-01,0.000000000000000000e+00,0.000000000000000000e+00,8.285741757582089362e-02,3.437028702532628904e-02,0.000000000000000000e+00
8.143894808916353201e-01,0.000000000000000000e+00,2.152446053783584404e-02,0.000000000000000000e+00,0.000000000000000000e+00,1.511857928711200505e-01,1.290026569940868999e-02,0.000000000000000000e+00
8.992687982944305158e-01,0.000000000000000000e+00,1.007306845991927796e-01,0.000000000000000000e+00,0.000000000000000000e+00,0.000000000000000000e+00,0.000000000000000000e+00,5.171063766733319395e-07
5.261923852304509252e-04,1.891727334826385424e-04,9.149514821525271679e-02,2.026846825612513836e-01,0.000000000000000000e+00,3.344270130862503909e-01,1.542359511787851772e-02,3.552541959006538796e-01
4.368114410892950938e-01,0.000000000000000000e+00,0.000000000000000000e+00,0.000000000000000000e+00,7.998404497408439714e-03,7.478400722530958999e-02,2.160387682950054219e-02,4.588022703584863082e-01
2.803817907279306052e-03,0.000000000000000000e+00,9.948006182455473301e-01,0.000000000000000000e+00,0.000000000000000000e+00,0.000000000000000000e+00,3.679154619087268122e-12,2.395563843494290766e-03
4.813763254448040763e-01,3.441133378702781326e-02,0.000000000000000000e+00,0.000000000000000000e+00,0.000000000000000000e+00,0.000000000000000000e+00,4.842123407681681035e-01,0.000000000000000000e+00
3.833583789467481795e-01,0.000000000000000000e+00,2.982910974934375181e-01,1.664004050383529887e-01,0.000000000000000000e+00,1.519501185214613137e-01,0.000000000000000000e+00,0.000000000000000000e+00
9.239653527437345915e-01,0.000000000000000000e+00,0.000000000000000000e+00,0.000000000000000000e+00,4.769625887156861421e-02,2.833838838469680821e-02,0.000000000000000000e+00,0.000000000000000000e+00
9.750921158381837817e-01,0.000000000000000000e+00,2.450723043447471453e-02,0.000000000000000000e+00,0.000000000000000000e+00,0.000000000000000000e+00,0.000000000000000000e+00,4.006537273415086914e-04
4.729088498153187770e-01,5.270887107840250829e-01,2.439400656279346956e-06,0.000000000000000000e+00,0.000000000000000000e+00,0.000000000000000000e+00,0.000000000000000000e+00,0.000000000000000000e+00
1.820155389885056915e-03,0.000000000000000000e+00,8.312221079482312591e-01,0.000000000000000000e+00,0.000000000000000000e+00,1.429215004403959488e-01,2.403623622148783404e-02,0.000000000000000000e+00
3.728254812405247596e-06,0.000000000000000000e+00,0.000000000000000000e+00,0.000000000000000000e+00,1.496398246017784962e-02,9.843197908881976543e-01,7.124983968121087734e-04,0.000000000000000000e+00
8.493239465277907518e-01,0.000000000000000000e+00,1.506698748100818441e-01,0.000000000000000000e+00,0.000000000000000000e+00,0.000000000000000000e+00,0.000000000000000000e+00,6.178662127300019248e-06
6.659166478238421893e-01,4.519963071412488875e-02,0.000000000000000000e+00,0.000000000000000000e+00,9.723480535431532068e-02,6.729378339752131732e-02,1.243551327101963533e-01,0.000000000000000000e+00
9.199184279019219090e-01,0.000000000000000000e+00,0.000000000000000000e+00,3.953337084710079746e-02,0.000000000000000000e+00,1.937439828822392490e-02,2.978342417899154903e-05,2.114401953857448363e-02
5.723294786770206644e-01,7.006255437051964359e-03,1.118421285226625182e-08,0.000000000000000000e+00,4.004503808846900593e-06,0.000000000000000000e+00,4.206602501979055386e-01,0.000000000000000000e+00
8.426220811904030494e-01,8.184767615591186096e-02,0.000000000000000000e+00,0.000000000000000000e+00,0.000000000000000000e+00,0.000000000000000000e+00,7.422330560723683357e-02,1.306937046448439915e-03
1.867262664862369111e-03,0.000000000000000000e+00,0.000000000000000000e+00,0.000000000000000000e+00,5.218746015690919338e-01,4.762581357660455872e-01,0.000000000000000000e+00,0.000000000000000000e+00
8.953993773367896480e-01,0.000000000000000000e+00,7.152873275332381764e-02,0.000000000000000000e+00,3.307188990988656208e-02,0.000000000000000000e+00,0.000000000000000000e+00,0.000000000000000000e+00
7.624697099360060459e-01,0.000000000000000000e+00,2.149229116200543355e-01,0.000000000000000000e+00,0.000000000000000000e+00,2.260326269431375129e-02,0.000000000000000000e+00,4.115749625921427171e-06
9.998027924140031608e-01,0.000000000000000000e+00,1.818881621590188557e-04,0.000000000000000000e+00,0.000000000000000000e+00,0.000000000000000000e+00,0.000000000000000000e+00,1.531942383778310757e-05
9.207407754023068103e-01,0.000000000000000000e+00,6.312486569133053671e-02,0.000000000000000000e+00,0.000000000000000000e+00,0.000000000000000000e+00,0.000000000000000000e+00,1.613435890636265302e-02
9.470219481380082183e-01,0.000000000000000000e+00,0.000000000000000000e+00,0.000000000000000000e+00,0.000000000000000000e+00,5.297581321784722297e-02,2.238644144437591711e-06,0.000000000000000000e+00
5.882217182021721724e-01,0.000000000000000000e+00,1.915123345046945702e-01,0.000000000000000000e+00,0.000000000000000000e+00,1.309105920410116031e-01,8.935535525212165431e-02,0.000000000000000000e+00
7.934487215616063682e-02,0.000000000000000000e+00,2.932156414935825350e-01,2.430432154869652528e-01,2.865036657938035969e-02,0.000000000000000000e+00,3.557459042839112295e-01,0.000000000000000000e+00
6.264984099191364120e-01,9.010553239355204025e-02,0.000000000000000000e+00,1.985195221724088410e-01,0.000000000000000000e+00,8.487653551490287329e-02,0.000000000000000000e+00,0.000000000000000000e+00
6.448695828140116326e-01,0.000000000000000000e+00,1.718004945160767349e-01,0.000000000000000000e+00,0.000000000000000000e+00,6.361122789705558889e-02,7.292521318210355707e-02,4.679348159075241015e-02
3.210892529608619372e-01,3.041956983354329735e-01,3.235487353053767001e-01,0.000000000000000000e+00,0.000000000000000000e+00,0.000000000000000000e+00,3.532439405939483829e-02,1.584191933893355775e-02
9.778141781953504363e-01,1.419572975012955637e-02,0.000000000000000000e+00,0.000000000000000000e+00,0.000000000000000000e+00,0.000000000000000000e+00,0.000000000000000000e+00,7.990092054520099227e-03
7.366950011033416290e-01,0.000000000000000000e+00,0.000000000000000000e+00,1.360484482579870924e-01,0.000000000000000000e+00,1.272565506386713063e-01,0.000000000000000000e+00,0.000000000000000000e+00
6.961591088355117973e-01,0.000000000000000000e+00,0.000000000000000000e+00,0.000000000000000000e+00,3.038408911644881472e-01,0.000000000000000000e+00,0.000000000000000000e+00,0.000000000000000000e+00
4.497713446762093836e-01,0.000000000000000000e+00,1.958787936157754817e-02,4.144929759040169026e-01,1.046926472661899830e-02,0.000000000000000000e+00,8.375933922132607068e-02,2.191919611025105671e-02
8.134709650366617195e-01,0.000000000000000000e+00,0.000000000000000000e+00,1.784887663287898843e-02,0.000000000000000000e+00,1.673795025317448004e-01,1.300655798714470818e-03,0.000000000000000000e+00
7.315531374586906610e-01,0.000000000000000000e+00,0.000000000000000000e+00,6.401598935443857108e-02,0.000000000000000000e+00,1.903795329727927532e-01,1.405134021407800603e-02,0.000000000000000000e+00
8.346774327066328603e-01,0.000000000000000000e+00,1.648994413968039585e-01,0.000000000000000000e+00,0.000000000000000000e+00,0.000000000000000000e+00,0.000000000000000000e+00,4.231258965632565231e-04
4.666000587764198015e-01,1.335926797846589227e-03,3.992688444531333758e-02,0.000000000000000000e+00,1.731964427567218292e-03,0.000000000000000000e+00,4.904051655528530174e-01,0.000000000000000000e+00
8.962388133564150872e-01,0.000000000000000000e+00,0.000000000000000000e+00,0.000000000000000000e+00,0.000000000000000000e+00,8.754508033937094535e-02,3.187448908855947431e-05,1.618423181512532172e-02
9.999342954888361668e-01,6.157019901258052575e-05,0.000000000000000000e+00,0.000000000000000000e+00,0.000000000000000000e+00,0.000000000000000000e+00,0.000000000000000000e+00,4.134312151197966940e-06
4.963503762596166990e-01,0.000000000000000000e+00,0.000000000000000000e+00,0.000000000000000000e+00,2.203055738164187531e-03,0.000000000000000000e+00,5.079064654841938808e-02,4.506559214537997349e-01
3.433941746515892235e-02,0.000000000000000000e+00,0.000000000000000000e+00,0.000000000000000000e+00,0.000000000000000000e+00,9.362448658738596885e-01,2.941571666098147936e-02,0.000000000000000000e+00
5.616121102218827321e-01,0.000000000000000000e+00,0.000000000000000000e+00,0.000000000000000000e+00,7.894907782159539533e-02,3.033011117309331595e-01,5.613770022558873390e-02,0.000000000000000000e+00
2.392848074547799242e-01,0.000000000000000000e+00,0.000000000000000000e+00,7.607151925452200203e-01,0.000000000000000000e+00,0.000000000000000000e+00,0.000000000000000000e+00,0.000000000000000000e+00
6.098722107186727026e-01,0.000000000000000000e+00,2.827442131459161762e-02,2.936573365500192434e-01,1.088933017901781231e-03,0.000000000000000000e+00,4.691220770046385102e-02,2.019489069835072800e-02
2.509293749543341501e-01,4.705892357782504587e-01,1.996694305831590022e-01,7.805132263843150842e-02,0.000000000000000000e+00,7.606360458247864295e-04,0.000000000000000000e+00,0.000000000000000000e+00
8.663897445685057042e-01,0.000000000000000000e+00,0.000000000000000000e+00,1.336102554314942958e-01,0.000000000000000000e+00,0.000000000000000000e+00,0.000000000000000000e+00,0.000000000000000000e+00
9.500444027252774593e-01,0.000000000000000000e+00,0.000000000000000000e+00,4.979704575375213521e-02,0.000000000000000000e+00,0.000000000000000000e+00,1.585515209705002401e-04,0.000000000000000000e+00
4.824131019948958432e-01,0.000000000000000000e+00,0.000000000000000000e+00,0.000000000000000000e+00,5.175868980051041568e-01,0.000000000000000000e+00,0.000000000000000000e+00,0.000000000000000000e+00
3.902094268496524854e-01,0.000000000000000000e+00,2.908413702305099463e-02,5.138474191254138734e-01,6.685818068577251139e-02,0.000000000000000000e+00,0.000000000000000000e+00,8.363161100987287157e-07
9.797949552063610623e-01,0.000000000000000000e+00,0.000000000000000000e+00,0.000000000000000000e+00,3.470212865310400453e-03,1.307602769209329115e-02,0.000000000000000000e+00,3.658804236235314606e-03
8.025596920164809189e-01,2.645569854840661757e-03,1.789611364410339800e-01,0.000000000000000000e+00,0.000000000000000000e+00,0.000000000000000000e+00,1.795555979937790529e-03,1.403804570770649830e-02
5.044843534931910956e-01,4.680458321802791199e-01,0.000000000000000000e+00,0.000000000000000000e+00,0.000000000000000000e+00,1.749292359880850979e-03,0.000000000000000000e+00,2.572052196664901050e-02
9.946576149248713694e-01,0.000000000000000000e+00,0.000000000000000000e+00,0.000000000000000000e+00,0.000000000000000000e+00,4.403442498927637519e-03,0.000000000000000000e+00,9.389425762009172846e-04
4.907112947416299442e-01,0.000000000000000000e+00,0.000000000000000000e+00,0.000000000000000000e+00,4.802525725661246655e-06,5.092838384147821973e-01,6.431786216266493144e-08,0.000000000000000000e+00
5.350689433666536710e-01,0.000000000000000000e+00,0.000000000000000000e+00,0.000000000000000000e+00,4.649310566333464401e-01,0.000000000000000000e+00,0.000000000000000000e+00,0.000000000000000000e+00
8.795668354709502701e-01,0.000000000000000000e+00,0.000000000000000000e+00,0.000000000000000000e+00,0.000000000000000000e+00,5.617448923252890691e-02,2.543014421565023553e-02,3.882853108087059441e-02
8.680444635412591612e-07,2.501398473065204464e-01,0.000000000000000000e+00,0.000000000000000000e+00,0.000000000000000000e+00,0.000000000000000000e+00,1.244141764568027880e-06,7.498580405072514665e-01
5.784783062078978355e-02,0.000000000000000000e+00,0.000000000000000000e+00,0.000000000000000000e+00,5.476319915146771189e-01,0.000000000000000000e+00,1.732862852113057251e-04,3.943468915793217899e-01
3.464339011129390911e-01,0.000000000000000000e+00,3.236792437965876901e-01,0.000000000000000000e+00,0.000000000000000000e+00,0.000000000000000000e+00,3.298868550904732189e-01,0.000000000000000000e+00
9.369913839758631235e-02,3.967338933226665643e-01,3.610241920170379482e-01,0.000000000000000000e+00,0.000000000000000000e+00,1.000156342053448028e-01,4.686618906371892157e-02,1.660952993645528099e-03
8.453945663200918004e-01,0.000000000000000000e+00,0.000000000000000000e+00,1.546054336799081441e-01,0.000000000000000000e+00,0.000000000000000000e+00,0.000000000000000000e+00,0.000000000000000000e+00
4.290582358985507369e-03,0.000000000000000000e+00,6.367335667571528690e-01,3.476431457241424550e-01,1.130384579028804667e-02,0.000000000000000000e+00,0.000000000000000000e+00,2.885936943114503740e-05
9.870296212118651047e-01,0.000000000000000000e+00,8.041158155182939055e-03,0.000000000000000000e+00,0.000000000000000000e+00,2.480260430427607375e-03,0.000000000000000000e+00,2.448960202524463371e-03
2.734252147276358680e-01,7.507870780201027208e-06,2.841460685072974123e-03,4.468881132093204811e-01,1.192847048585498606e-03,2.213505678884876149e-01,5.427392845771464303e-02,2.036011240270146016e-05
5.556297719442599981e-01,0.000000000000000000e+00,4.415699601417526488e-01,0.000000000000000000e+00,0.000000000000000000e+00,3.519541414902422148e-06,2.796748372572594680e-03,0.000000000000000000e+00
8.672993663725139246e-01,0.000000000000000000e+00,1.327004853326065048e-01,0.000000000000000000e+00,0.000000000000000000e+00,0.000000000000000000e+00,0.000000000000000000e+00,1.482948795875767267e-07
2.493359625091446929e-01,0.000000000000000000e+00,6.880701799549356901e-01,0.000000000000000000e+00,4.492352158488811115e-02,1.766692058819438471e-02,3.415362837004652884e-06,0.000000000000000000e+00
6.371926534763183714e-01,0.000000000000000000e+00,1.128448069984339247e-01,3.671554577908385519e-02,6.309235604099390493e-02,1.501546377051700687e-01,0.000000000000000000e+00,0.000000000000000000e+00
4.325582365795978546e-01,0.000000000000000000e+00,0.000000000000000000e+00,1.239912300699229780e-01,2.185185735226169413e-04,3.492444507776539808e-01,8.017921555157522806e-02,1.380834844772732550e-02
2.455023617881579023e-01,0.000000000000000000e+00,6.624271658309198729e-01,0.000000000000000000e+00,2.895736328982444902e-02,8.431168134705114680e-10,6.311310824798099794e-02,0.000000000000000000e+00
5.111039596018884801e-01,1.003365778118383428e-01,3.037329061715992040e-01,0.000000000000000000e+00,0.000000000000000000e+00,0.000000000000000000e+00,3.799822283888657642e-02,4.682833357578741751e-02
9.859684900832857979e-01,0.000000000000000000e+00,0.000000000000000000e+00,0.000000000000000000e+00,0.000000000000000000e+00,0.000000000000000000e+00,1.202006172036627907e-02,2.011448196347874039e-03
3.868892601300629730e-01,0.000000000000000000e+00,5.780138235456272477e-01,0.000000000000000000e+00,3.509691632430984864e-02,0.000000000000000000e+00,0.000000000000000000e+00,0.000000000000000000e+00
2.941025279429994033e-01,1.900996765056832405e-01,0.000000000000000000e+00,0.000000000000000000e+00,0.000000000000000000e+00,0.000000000000000000e+00,2.406897881038334505e-02,4.917288167409339383e-01
6.773154395389986426e-01,0.000000000000000000e+00,0.000000000000000000e+00,0.000000000000000000e+00,1.388802200634909056e-01,1.390921063488870790e-01,4.471223404862344208e-02,0.000000000000000000e+00
5.297172849508640091e-01,0.000000000000000000e+00,3.683281981037473951e-01,0.000000000000000000e+00,8.874713593396867106e-02,1.320738101141987614e-02,0.000000000000000000e+00,0.000000000000000000e+00
9.934319386529771867e-01,0.000000000000000000e+00,9.663039933171658059e-05,0.000000000000000000e+00,0.000000000000000000e+00,6.263965067324526841e-03,0.000000000000000000e+00,2.074658803666295517e-04
3.651188237052438446e-01,0.000000000000000000e+00,1.402429241515375236e-01,4.530624558287703607e-01,3.952860637701266500e-02,0.000000000000000000e+00,0.000000000000000000e+00,2.047189937435616152e-03
5.832341226410062696e-01,3.925733696709890475e-01,1.524862360793696227e-02,0.000000000000000000e+00,0.000000000000000000e+00,0.000000000000000000e+00,0.000000000000000000e+00,8.943884080067748474e-03
9.892196257236990364e-01,0.000000000000000000e+00,0.000000000000000000e+00,0.000000000000000000e+00,0.000000000000000000e+00,0.000000000000000000e+00,6.496500056279676479e-06,1.077387777624461314e-02
3.428987497621568403e-01,0.000000000000000000e+00,2.856695387701220154e-02,2.101827713737883796e-01,1.448508736981034273e-02,4.038658967757306484e-01,5.408415016903275735e-07,0.000000000000000000e+00
2.731401264312712796e-01,4.748125735329077890e-01,2.508323693369807761e-01,0.000000000000000000e+00,0.000000000000000000e+00,1.214930698840402563e-03,0.000000000000000000e+00,0.000000000000000000e+00
5.062332594887366533e-01,0.000000000000000000e+00,0.000000000000000000e+00,0.000000000000000000e+00,1.534626094485026099e-02,0.000000000000000000e+00,3.564419834247187918e-02,4.427762812239411372e-01
9.555921060470048412e-01,4.066698273971135202e-02,0.000000000000000000e+00,0.000000000000000000e+00,0.000000000000000000e+00,0.000000000000000000e+00,3.740911213283879683e-03,0.000000000000000000e+00
9.113655995771102747e-01,0.000000000000000000e+00,0.000000000000000000e+00,8.808902123485309876e-02,0.000000000000000000e+00,0.000000000000000000e+00,5.453791880366307783e-04,0.000000000000000000e+00
3.188669585895238523e-01,0.000000000000000000e+00,0.000000000000000000e+00,0.000000000000000000e+00,6.811330414104761477e-01,0.000000000000000000e+00,0.000000000000000000e+00,0.000000000000000000e+00
9.574716033209274002e-01,1.072205602526755952e-02,0.000000000000000000e+00,0.000000000000000000e+00,0.000000000000000000e+00,2.012952030292189040e-02,0.000000000000000000e+00,1.167682035088319671e-02
6.635831642513727591e-01,0.000000000000000000e+00,0.000000000000000000e+00,0.000000000000000000e+00,0.000000000000000000e+00,3.158267159385304002e-01,1.443209489781566211e-07,2.058997548914781595e-02
