5.791529626445167667e-01,3.272827078985562910e-02,1.729154280996289539e-02,2.865342842205237939e-01,1.187011667898029386e-02,7.242282285616062631e-02,0.000000000000000000e+00
9.622184215542906038e-01,0.000000000000000000e+00,0.000000000000000000e+00,3.743224834419658920e-02,0.000000000000000000e+00,3.493301015126736649e-04,0.000000000000000000e+00
7.422174423376843855e-01,0.000000000000000000e+00,4.532884647178624758e-10,0.000000000000000000e+00,0.000000000000000000e+00,2.577825572090270967e-01,5.770773684744164310e-42
5.807884024037625451e-09,0.000000000000000000e+00,6.250975255473525394e-01,0.000000000000000000e+00,3.749024686447633981e-01,0.000000000000000000e+00,0.000000000000000000e+00
4.515921512083264089e-01,0.000000000000000000e+00,0.000000000000000000e+00,4.305668949997864536e-01,1.178409537918871930e-01,0.000000000000000000e+00,0.000000000000000000e+00
5.140679517687423150e-01,4.859320482312575740e-01,0.000000000000000000e+00,0.000000000000000000e+00,0.000000000000000000e+00,0.000000000000000000e+00,0.000000000000000000e+00
9.285220309532287164e-01,0.000000000000000000e+00,0.000000000000000000e+00,0.000000000000000000e+00,0.000000000000000000e+00,0.000000000000000000e+00,7.147796904677129748e-02
8.250359761993715235e-01,0.000000000000000000e+00,1.493249780294272355e-01,0.000000000000000000e+00,0.000000000000000000e+00,2.561891680054002168e-02,2.012897066139592023e-05
4.612989315734183915e-01,0.000000000000000000e+00,0.000000000000000000e+00,0.000000000000000000e+00,0.000000000000000000e+00,0.000000000000000000e+00,5.387010684265816085e-01
1.220008412333683651e-01,3.836378218552401465e-01,5.094720762010911095e-07,4.657825605819700399e-01,2.857826685734516509e-02,0.000000000000000000e+00,0.000000000000000000e+00
8.287807805696730812e-01,0.000000000000000000e+00,1.272730488343340460e-01,0.000000000000000000e+00,0.000000000000000000e+00,4.394617059599294911e-02,0.000000000000000000e+00
6.979753010238912703e-01,3.020246989760600465e-01,0.000000000000000000e+00,0.000000000000000000e+00,0.000000000000000000e+00,4.864492641050867294e-14,0.000000000000000000e+00
2.430115785006791568e-02,5.617962512176689627e-01,0.000000000000000000e+00,0.000000000000000000e+00,0.000000000000000000e+00,4.139025909322631702e-01,4.332795780904233376e-20
5.766717548232194179e-01,0.000000000000000000e+00,0.000000000000000000e+00,1.014076770997422543e-02,4.130947489796163996e-01,9.272848718995164064e-05,0.000000000000000000e+00
7.965049256542077183e-01,0.000000000000000000e+00,1.929790500157449462e-01,0.000000000000000000e+00,0.000000000000000000e+00,1.051602433004733377e-02,0.000000000000000000e+00
3.634662948713558994e-01,0.000000000000000000e+00,5.635134740937479403e-02,5.738466985413236410e-01,0.000000000000000000e+00,6.335659177945611800e-03,0.000000000000000000e+00
4.355943705506716279e-01,0.000000000000000000e+00,1.754072650600405625e-01,3.686572287788667524e-01,2.034113561042110579e-02,0.000000000000000000e+00,0.000000000000000000e+00
7.298073967162453934e-01,1.359563087819004312e-01,0.000000000000000000e+00,0.000000000000000000e+00,7.397077954446214243e-02,5.885560078750911445e-02,1.409914169882802229e-03
6.369697373650023975e-01,0.000000000000000000e+00,0.000000000000000000e+00,0.000000000000000000e+00,3.215403111971386063e-01,4.148995143785898232e-02,0.000000000000000000e+00
9.719850369981386518e-01,0.000000000000000000e+00,0.000000000000000000e+00,0.000000000000000000e+00,0.000000000000000000e+00,0.000000000000000000e+00,2.801496300186137947e-02
8.287610174359971715e-01,0.000000000000000000e+00,1.478427197652941727e-01,0.000000000000000000e+00,0.000000000000000000e+00,2.339626279870853781e-02,0.000000000000000000e+00
5.762214659209151657e-01,0.000000000000000000e+00,0.000000000000000000e+00,0.000000000000000000e+00,4.237785340790848343e-01,0.000000000000000000e+00,0.000000000000000000e+00
7.579855913830728653e-01,9.136875583814652035e-02,0.000000000000000000e+00,0.000000000000000000e+00,0.000000000000000000e+00,1.503710922155666596e-01,2.745605632139288643e-04
6.969727131031819845e-01,0.000000000000000000e+00,0.000000000000000000e+00,0.000000000000000000e+00,5.491438627932100636e-02,0.000000000000000000e+00,2.481129006174970231e-01
3.309167802056887896e-06,8.919321816813658987e-01,2.434812567711667293e-04,0.000000000000000000e+00,0.000000000000000000e+00,1.078210278940609501e-01,0.000000000000000000e+00
2.526717332177881858e-01,3.590043223786715809e-01,3.493438228752649560e-02,3.533895621160136891e-01,0.000000000000000000e+00,0.000000000000000000e+00,0.000000000000000000e+00
5.982195135682962309e-03,5.899601414989238402e-01,0.000000000000000000e+00,3.702048021339665040e-01,0.000000000000000000e+00,0.000000000000000000e+00,3.385286123142680625e-02
8.785037718075577873e-01,0.000000000000000000e+00,0.000000000000000000e+00,1.004519608759233268e-01,0.000000000000000000e+00,2.104426731651877491e-02,0.000000000000000000e+00
6.007615057972944816e-01,0.000000000000000000e+00,3.597215495762201443e-08,3.346378431986067326e-01,3.615645250186724780e-02,2.844416253007658185e-02,0.000000000000000000e+00
8.987359675670507642e-01,3.243471620773059894e-02,0.000000000000000000e+00,0.000000000000000000e+00,6.586947549746934027e-02,2.959840727749201220e-03,0.000000000000000000e+00
1.911897728523884177e-01,0.000000000000000000e+00,1.620418189251915234e-04,6.943863089672270839e-01,8.222459372842620684e-02,0.000000000000000000e+00,3.203728263303309148e-02
7.209416693335494175e-01,0.000000000000000000e+00,0.000000000000000000e+00,3.038747333708733886e-02,0.000000000000000000e+00,0.000000000000000000e+00,2.486708573293631985e-01
8.749366693153158847e-01,0.000000000000000000e+00,0.000000000000000000e+00,1.073725877662441153e-01,0.000000000000000000e+00,1.769074291843992022e-02,0.000000000000000000e+00
9.829290104069418055e-01,0.000000000000000000e+00,0.000000000000000000e+00,1.707098958305236502e-02,0.000000000000000000e+00,1.000571533155579614e-11,0.000000000000000000e+00
4.185993881828990459e-01,0.000000000000000000e+00,0.000000000000000000e+00,0.000000000000000000e+00,1.115495587323445253e-01,0.000000000000000000e+00,4.698510530847562761e-01
9.094190955433933965e-01,6.116890071402739104e-02,0.000000000000000000e+00,0.000000000000000000e+00,0.000000000000000000e+00,2.941200374257922981e-02,0.000000000000000000e+00
9.794537121820262593e-01,0.000000000000000000e+00,0.000000000000000000e+00,0.000000000000000000e+00,1.867047999757219003e-03,1.094700571915128116e-02,7.732234099065223194e-03
4.689379886840154077e-04,0.000000000000000000e+00,0.000000000000000000e+00,0.000000000000000000e+00,2.295408276287916327e-02,0.000000000000000000e+00,9.765769792484368939e-01
1.347486997792338992e-01,2.873004880707251685e-01,5.779508121500410711e-01,0.000000000000000000e+00,0.000000000000000000e+00,0.000000000000000000e+00,0.000000000000000000e+00
5.644815597533048290e-01,0.000000000000000000e+00,0.000000000000000000e+00,0.000000000000000000e+00,1.801483902321190697e-05,0.000000000000000000e+00,4.355004254076719206e-01
1.000000000000000000e+00,0.000000000000000000e+00,0.000000000000000000e+00,0.000000000000000000e+00,0.000000000000000000e+00,0.000000000000000000e+00,0.000000000000000000e+00
9.944649792445141578e-01,0.000000000000000000e+00,0.000000000000000000e+00,0.000000000000000000e+00,0.000000000000000000e+00,5.535020755485843026e-03,0.000000000000000000e+00
9.853988204755224078e-01,0.000000000000000000e+00,0.000000000000000000e+00,0.000000000000000000e+00,0.000000000000000000e+00,1.460117952447568569e-02,1.841847469283238027e-15
6.295351741559215286e-01,3.704648258440784714e-01,0.000000000000000000e+00,0.000000000000000000e+00,0.000000000000000000e+00,0.000000000000000000e+00,0.000000000000000000e+00
6.923928292326120282e-01,0.000000000000000000e+00,2.773140122685633924e-01,0.000000000000000000e+00,0.000000000000000000e+00,3.029315764467864838e-02,8.541460089698746590e-10
7.131394147030576391e-01,0.000000000000000000e+00,1.365759651460079493e-01,0.000000000000000000e+00,0.000000000000000000e+00,0.000000000000000000e+00,1.502846201509344393e-01
6.770894070074863214e-01,3.229105929925136786e-01,0.000000000000000000e+00,0.000000000000000000e+00,0.000000000000000000e+00,0.000000000000000000e+00,0.000000000000000000e+00
3.279457640307922858e-16,0.000000000000000000e+00,3.020109440644543897e-01,3.927371078278162342e-01,0.000000000000000000e+00,0.000000000000000000e+00,3.052519481077290431e-01
9.997834667559691857e-01,0.000000000000000000e+00,7.803803877166145803e-10,0.000000000000000000e+00,0.000000000000000000e+00,2.830231454232192046e-06,2.137022321962104687e-04
8.637609371949289683e-01,0.000000000000000000e+00,0.000000000000000000e+00,1.149542478240945242e-01,0.000000000000000000e+00,2.128481498097651789e-02,0.000000000000000000e+00
8.142889077259082287e-01,0.000000000000000000e+00,1.857110922740917713e-01,0.000000000000000000e+00,0.000000000000000000e+00,0.000000000000000000e+00,0.000000000000000000e+00
1.438577531921143293e-01,0.000000000000000000e+00,0.000000000000000000e+00,3.511474269792418390e-01,5.049948198286438039e-01,0.000000000000000000e+00,0.000000000000000000e+00
9.999999999953728125e-01,0.000000000000000000e+00,0.000000000000000000e+00,0.000000000000000000e+00,0.000000000000000000e+00,0.000000000000000000e+00,4.627117535861851162e-12
6.333671909806291023e-01,3.079410239467881283e-01,0.000000000000000000e+00,0.000000000000000000e+00,0.000000000000000000e+00,0.000000000000000000e+00,5.869178507258278332e-02
9.948795049614584940e-01,0.000000000000000000e+00,5.120495038541588405e-03,0.000000000000000000e+00,0.000000000000000000e+00,0.000000000000000000e+00,0.000000000000000000e+00
7.064421797908075895e-01,0.000000000000000000e+00,1.073104377272498522e-01,0.000000000000000000e+00,5.037444073693039120e-02,4.274607515628939952e-02,9.312686658872298961e-02
1.000000000000000000e+00,0.000000000000000000e+00,0.000000000000000000e+00,0.000000000000000000e+00,0.000000000000000000e+00,0.000000000000000000e+00,0.000000000000000000e+00
9.999999983980867313e-01,0.000000000000000000e+00,0.000000000000000000e+00,0.000000000000000000e+00,0.000000000000000000e+00,0.000000000000000000e+00,1.601913310950610605e-09
8.668304920149219051e-01,0.000000000000000000e+00,1.331695052174448890e-01,0.000000000000000000e+00,0.000000000000000000e+00,0.000000000000000000e+00,2.767633240814364943e-09
7.331549701910108352e-01,0.000000000000000000e+00,0.000000000000000000e+00,0.000000000000000000e+00,2.275998296302083126e-02,0.000000000000000000e+00,2.440850468459682676e-01
8.814469532321652645e-01,4.393562959726721173e-02,0.000000000000000000e+00,0.000000000000000000e+00,0.000000000000000000e+00,7.461741717056745438e-02,4.681474465455484693e-25
9.999965888248596446e-01,0.000000000000000000e+00,0.000000000000000000e+00,0.000000000000000000e+00,0.000000000000000000e+00,3.411175138353484076e-06,2.041866774878055489e-15
8.462218495532490836e-01,3.074548848522394573e-02,0.000000000000000000e+00,0.000000000000000000e+00,0.000000000000000000e+00,2.839747256571837492e-02,9.463518939580876921e-02
6.191007735507589871e-01,0.000000000000000000e+00,2.762898969996752663e-01,0.000000000000000000e+00,0.000000000000000000e+00,0.000000000000000000e+00,1.046093294495658299e-01
5.473720451135741794e-01,0.000000000000000000e+00,0.000000000000000000e+00,0.000000000000000000e+00,4.526279548864258206e-01,0.000000000000000000e+00,0.000000000000000000e+00
7.846289096366485527e-01,0.000000000000000000e+00,0.000000000000000000e+00,0.000000000000000000e+00,0.000000000000000000e+00,0.000000000000000000e+00,2.153710903633514473e-01
2.025102725526067154e-02,0.000000000000000000e+00,8.790246674528439108e-01,0.000000000000000000e+00,0.000000000000000000e+00,0.000000000000000000e+00,1.007243052918954385e-01
6.497196938675061132e-05,0.000000000000000000e+00,0.000000000000000000e+00,3.690954510032305458e-01,0.000000000000000000e+00,0.000000000000000000e+00,6.308395770273826919e-01
1.388918566101706974e-05,0.000000000000000000e+00,9.999861108032280788e-01,0.000000000000000000e+00,0.000000000000000000e+00,1.111085404247996814e-11,0.000000000000000000e+00
1.201644501864500697e-01,0.000000000000000000e+00,3.714766177654109103e-01,5.081702575015188961e-01,1.886745466201184213e-04,7.174580844924218688e-19,0.000000000000000000e+00
5.515256528183113405e-01,0.000000000000000000e+00,3.420900392125180711e-01,0.000000000000000000e+00,0.000000000000000000e+00,0.000000000000000000e+00,1.063843079691705606e-01
9.632967013061255468e-01,0.000000000000000000e+00,0.000000000000000000e+00,0.000000000000000000e+00,0.000000000000000000e+00,2.334971981575134045e-16,3.670329869387420341e-02
4.616673268367532668e-01,5.312833970684693874e-02,2.269953597263976719e-02,0.000000000000000000e+00,0.000000000000000000e+00,1.157122258752214528e-01,3.467925716085384913e-01
8.720718375304800096e-01,0.000000000000000000e+00,1.279281624695200181e-01,0.000000000000000000e+00,0.000000000000000000e+00,0.000000000000000000e+00,0.000000000000000000e+00
1.004406280806468127e-01,0.000000000000000000e+00,8.885818018999513956e-01,0.000000000000000000e+00,0.000000000000000000e+00,0.000000000000000000e+00,1.097757001940186106e-02
1.000000000000000000e+00,0.000000000000000000e+00,0.000000000000000000e+00,0.000000000000000000e+00,0.000000000000000000e+00,0.000000000000000000e+00,0.000000000000000000e+00
7.590822717732760294e-01,0.000000000000000000e+00,0.000000000000000000e+00,1.399577823817467655e-02,2.269219499885492541e-01,0.000000000000000000e+00,0.000000000000000000e+00
7.844534390867358153e-01,0.000000000000000000e+00,0.000000000000000000e+00,0.000000000000000000e+00,2.155465609132642679e-01,0.000000000000000000e+00,0.000000000000000000e+00
3.625670800101025715e-01,0.000000000000000000e+00,0.000000000000000000e+00,0.000000000000000000e+00,6.374329199898973730e-01,0.000000000000000000e+00,0.000000000000000000e+00
3.625670800101025715e-01,0.000000000000000000e+00,0.000000000000000000e+00,0.000000000000000000e+00,6.374329199898973730e-01,0.000000000000000000e+00,0.000000000000000000e+00
3.988813767851821512e-01,3.733395596209079237e-01,0.000000000000000000e+00,0.000000000000000000e+00,6.333607407417429780e-02,0.000000000000000000e+00,1.644429895197357938e-01
9.848689709136982939e-01,1.194058378736438837e-02,2.885983248162200267e-04,0.000000000000000000e+00,0.000000000000000000e+00,2.901846974121067256e-03,0.000000000000000000e+00
9.475083955114744771e-01,0.000000000000000000e+00,4.914646661218168705e-02,0.000000000000000000e+00,0.000000000000000000e+00,3.345137876343900855e-03,0.000000000000000000e+00
9.554926011789929285e-01,0.000000000000000000e+00,2.713298215655497725e-02,0.000000000000000000e+00,0.000000000000000000e+00,0.000000000000000000e+00,1.737441666445218441e-02
3.520575190872855531e-01,6.165792914089673346e-08,2.031151601973777976e-01,0.000000000000000000e+00,0.000000000000000000e+00,4.448163886241255915e-01,1.087043328207319335e-05
6.270125243030651996e-01,0.000000000000000000e+00,3.729874756969348004e-01,0.000000000000000000e+00,0.000000000000000000e+00,0.000000000000000000e+00,0.000000000000000000e+00
4.830648562105304133e-01,0.000000000000000000e+00,0.000000000000000000e+00,0.000000000000000000e+00,2.054759535996074329e-11,0.000000000000000000e+00,5.169351437689219120e-01
8.709915522188175219e-01,0.000000000000000000e+00,0.000000000000000000e+00,0.000000000000000000e+00,1.477412332125231653e-02,0.000000000000000000e+00,1.142343244599300783e-01
6.915560781396972168e-01,0.000000000000000000e+00,1.168613198343449455e-01,1.058697341824804961e-01,0.000000000000000000e+00,0.000000000000000000e+00,8.571286784347741106e-02
7.960298328215252850e-01,2.039689118902313358e-01,1.255288243419735416e-06,0.000000000000000000e+00,0.000000000000000000e+00,0.000000000000000000e+00,0.000000000000000000e+00
8.112680003239783888e-01,0.000000000000000000e+00,0.000000000000000000e+00,1.044291286622739956e-01,8.430287101374749070e-02,0.000000000000000000e+00,0.000000000000000000e+00
5.042224573802006615e-01,0.000000000000000000e+00,4.957748737095758473e-01,0.000000000000000000e+00,0.000000000000000000e+00,2.668910223558888329e-06,0.000000000000000000e+00
9.469323881931985820e-01,0.000000000000000000e+00,5.306761180680128615e-02,0.000000000000000000e+00,0.000000000000000000e+00,0.000000000000000000e+00,0.000000000000000000e+00
2.343831919337459324e-01,0.000000000000000000e+00,1.314104773377629820e-01,3.520653299725589047e-01,1.033045810729008307e-01,0.000000000000000000e+00,1.788364196830313224e-01
9.704126026426795892e-01,0.000000000000000000e+00,0.000000000000000000e+00,0.000000000000000000e+00,0.000000000000000000e+00,3.471762703102502731e-08,2.958736263969340488e-02
8.109687068889807060e-01,0.000000000000000000e+00,1.343656941004338634e-01,0.000000000000000000e+00,0.000000000000000000e+00,0.000000000000000000e+00,5.466559901058553467e-02
9.515447865586418315e-16,0.000000000000000000e+00,9.999999999999990008e-01,0.000000000000000000e+00,0.000000000000000000e+00,0.000000000000000000e+00,0.000000000000000000e+00
9.086475700167793157e-01,0.000000000000000000e+00,8.862416326322937465e-02,0.000000000000000000e+00,0.000000000000000000e+00,0.000000000000000000e+00,2.728266719991405929e-03
4.694353883772105218e-02,0.000000000000000000e+00,0.000000000000000000e+00,0.000000000000000000e+00,9.530564611622789339e-01,0.000000000000000000e+00,0.000000000000000000e+00
5.155245060054899353e-01,8.303631263531226908e-03,1.182632509723212239e-01,3.490699154919347791e-01,3.503412399652686967e-05,0.000000000000000000e+00,8.803662142726327577e-03
6.774783735972559340e-01,0.000000000000000000e+00,0.000000000000000000e+00,0.000000000000000000e+00,0.000000000000000000e+00,0.000000000000000000e+00,3.225216264027440105e-01
2.638132415589902399e-03,0.000000000000000000e+00,3.892295533372006067e-01,4.975560344768206744e-01,4.152160610077879760e-02,6.905467366961011433e-02,0.000000000000000000e+00
8.495682672658828594e-01,0.000000000000000000e+00,1.504317327341171129e-01,0.000000000000000000e+00,0.000000000000000000e+00,0.000000000000000000e+00,0.000000000000000000e+00
2.086281800991262314e-01,2.242510321859025888e-20,2.652327810910658570e-02,0.000000000000000000e+00,1.861375410048992554e-39,7.648119278897362872e-01,3.661390203085207467e-05
2.231528794201562416e-01,0.000000000000000000e+00,0.000000000000000000e+00,0.000000000000000000e+00,3.517259907548228037e-01,0.000000000000000000e+00,4.251211298250209825e-01
8.914737702832171706e-01,2.822610907200703845e-02,0.000000000000000000e+00,0.000000000000000000e+00,0.000000000000000000e+00,9.854741065518431153e-03,7.044537957925735283e-02
3.391841852666422907e-01,0.000000000000000000e+00,4.179487284958944282e-01,0.000000000000000000e+00,0.000000000000000000e+00,0.000000000000000000e+00,2.428670862374632811e-01
9.801431833307524544e-01,0.000000000000000000e+00,0.000000000000000000e+00,0.000000000000000000e+00,0.000000000000000000e+00,1.985655122464240196e-02,2.654446050641572950e-07
7.123491605719352027e-01,0.000000000000000000e+00,2.677252475842419321e-01,0.000000000000000000e+00,0.000000000000000000e+00,1.992559184382294499e-02,3.922885859538313908e-21
9.734985836103632328e-01,0.000000000000000000e+00,0.000000000000000000e+00,0.000000000000000000e+00,0.000000000000000000e+00,2.650141624012868416e-02,1.495080873423552665e-10
2.600666653126643690e-01,0.000000000000000000e+00,6.583819216539552599e-01,0.000000000000000000e+00,0.000000000000000000e+00,3.670485437555005923e-03,7.788092759582537772e-02
7.801153530569149286e-01,0.000000000000000000e+00,0.000000000000000000e+00,0.000000000000000000e+00,1.347857568959682888e-02,0.000000000000000000e+00,2.064060712534882547e-01
5.443311270727624329e-01,0.000000000000000000e+00,4.529836863329216312e-01,0.000000000000000000e+00,0.000000000000000000e+00,0.000000000000000000e+00,2.685186594315876890e-03
9.633288860554044541e-01,0.000000000000000000e+00,0.000000000000000000e+00,0.000000000000000000e+00,0.000000000000000000e+00,0.000000000000000000e+00,3.667111394459557361e-02
9.762282353941312829e-01,0.000000000000000000e+00,2.377176460586868934e-02,0.000000000000000000e+00,0.000000000000000000e+00,0.000000000000000000e+00,0.000000000000000000e+00
1.246952571122892425e-03,2.187193692174707257e-02,1.484976885647942557e-01,4.416277481753951850e-01,0.000000000000000000e+00,0.000000000000000000e+00,3.867556737669406997e-01
5.446847906556564478e-01,0.000000000000000000e+00,0.000000000000000000e+00,0.000000000000000000e+00,1.037184802624934940e-02,1.720985921766783264e-02,4.277335021004263771e-01
1.462030612933243133e-06,0.000000000000000000e+00,9.999985379693870913e-01,0.000000000000000000e+00,0.000000000000000000e+00,0.000000000000000000e+00,0.000000000000000000e+00
4.884447616904301070e-01,2.541612703220099551e-02,0.000000000000000000e+00,0.000000000000000000e+00,0.000000000000000000e+00,4.766252627355493932e-01,9.513848541819526841e-03
5.031325918200776348e-01,0.000000000000000000e+00,2.460158522567910122e-01,1.970494478417393336e-01,0.000000000000000000e+00,0.000000000000000000e+00,5.380210808139188755e-02
6.289071136014127150e-01,0.000000000000000000e+00,0.000000000000000000e+00,0.000000000000000000e+00,1.879342150171683674e-03,0.000000000000000000e+00,3.692135442484155705e-01
9.999984008522850853e-01,0.000000000000000000e+00,1.599147714893429748e-06,0.000000000000000000e+00,0.000000000000000000e+00,0.000000000000000000e+00,0.000000000000000000e+00
3.540009045991421854e-01,6.414197626065095692e-01,4.144265010224414472e-03,0.000000000000000000e+00,0.000000000000000000e+00,4.350677841238038924e-04,0.000000000000000000e+00
1.898684709225354268e-07,0.000000000000000000e+00,8.685784446733398889e-01,0.000000000000000000e+00,0.000000000000000000e+00,0.000000000000000000e+00,1.314213654581890822e-01
1.316866653576231955e-06,0.000000000000000000e+00,0.000000000000000000e+00,0.000000000000000000e+00,3.110571452181735627e-02,0.000000000000000000e+00,9.688929686115290707e-01
8.920420612834183416e-01,0.000000000000000000e+00,1.079579387165816029e-01,0.000000000000000000e+00,0.000000000000000000e+00,0.000000000000000000e+00,0.000000000000000000e+00
7.704630431272428970e-01,5.518251776202957176e-02,0.000000000000000000e+00,0.000000000000000000e+00,8.005633317242255576e-02,4.539368894884237421e-02,4.890441698946274701e-02
9.790603342170981493e-01,0.000000000000000000e+00,0.000000000000000000e+00,2.093966578290188535e-02,0.000000000000000000e+00,0.000000000000000000e+00,1.752479791643524822e-17
4.982052237972761088e-01,6.600243872023633203e-04,0.000000000000000000e+00,0.000000000000000000e+00,1.740665506371341877e-08,5.011347344088663558e-01,3.883256299639565187e-30
7.708890108697575849e-01,1.007514758003351524e-01,0.000000000000000000e+00,0.000000000000000000e+00,0.000000000000000000e+00,1.283594947398047637e-01,1.859010253052394824e-08
1.208937202187828318e-02,0.000000000000000000e+00,0.000000000000000000e+00,0.000000000000000000e+00,5.621479836907725680e-01,0.000000000000000000e+00,4.257626442873491679e-01
8.571138734099981171e-01,0.000000000000000000e+00,1.014708594854876744e-01,0.000000000000000000e+00,4.141526710451418070e-02,1.227066332607220373e-21,0.000000000000000000e+00
8.536449254562247235e-01,0.000000000000000000e+00,1.463550745437753320e-01,0.000000000000000000e+00,0.000000000000000000e+00,0.000000000000000000e+00,0.000000000000000000e+00
9.943188827624098725e-01,0.000000000000000000e+00,5.473312358991301238e-03,0.000000000000000000e+00,0.000000000000000000e+00,2.078048785988798931e-04,0.000000000000000000e+00
9.231163331139781159e-01,0.000000000000000000e+00,7.676191253311530349e-02,0.000000000000000000e+00,0.000000000000000000e+00,1.217543529066106051e-04,0.000000000000000000e+00
9.852992596801201097e-01,0.000000000000000000e+00,0.000000000000000000e+00,0.000000000000000000e+00,0.000000000000000000e+00,0.000000000000000000e+00,1.470074031987993711e-02
7.179940992118996057e-01,0.000000000000000000e+00,2.493960558469521249e-01,0.000000000000000000e+00,0.000000000000000000e+00,0.000000000000000000e+00,3.260984494114831794e-02
3.454702696930970346e-02,0.000000000000000000e+00,1.171314583038117613e-01,2.935265157563700100e-01,1.917777692063484321e-02,3.649932786165146492e-01,1.706239434333591820e-01
8.134056320374117854e-01,0.000000000000000000e+00,0.000000000000000000e+00,1.672663065055444709e-01,0.000000000000000000e+00,0.000000000000000000e+00,1.932806145704359449e-02
6.491346653681735468e-01,0.000000000000000000e+00,1.787805271933485818e-01,0.000000000000000000e+00,0.000000000000000000e+00,6.530130995995653276e-02,1.067834974785214774e-01
2.165621649193986975e-01,3.375367504997506818e-01,4.057354856094866902e-01,0.000000000000000000e+00,0.000000000000000000e+00,4.016559897136387502e-02,0.000000000000000000e+00
9.774023754642642281e-01,2.220111238914211638e-02,0.000000000000000000e+00,0.000000000000000000e+00,0.000000000000000000e+00,3.965121465936049454e-04,0.000000000000000000e+00
9.781000659246555928e-01,0.000000000000000000e+00,0.000000000000000000e+00,2.189993407534437594e-02,0.000000000000000000e+00,0.000000000000000000e+00,0.000000000000000000e+00
6.786050546022588392e-01,0.000000000000000000e+00,0.000000000000000000e+00,0.000000000000000000e+00,3.213949453977411053e-01,0.000000000000000000e+00,0.000000000000000000e+00
3.300942667268939590e-01,0.000000000000000000e+00,3.773804082056428534e-05,3.537042914710408215e-01,2.693608085554275908e-04,5.966061040915034142e-02,2.562337325435389834e-01
8.275727355872263269e-01,0.000000000000000000e+00,0.000000000000000000e+00,0.000000000000000000e+00,0.000000000000000000e+00,0.000000000000000000e+00,1.724272644127735621e-01
7.912930937052842228e-01,0.000000000000000000e+00,0.000000000000000000e+00,5.728651084426054224e-02,0.000000000000000000e+00,0.000000000000000000e+00,1.514203954504552696e-01
8.797529012066277465e-01,0.000000000000000000e+00,1.202470987933723090e-01,0.000000000000000000e+00,0.000000000000000000e+00,0.000000000000000000e+00,0.000000000000000000e+00
4.021294855538907198e-01,1.509236360122101473e-05,1.958628394722631075e-02,0.000000000000000000e+00,4.639396555061505931e-03,4.875275507826925536e-01,8.610219079752771953e-02
8.839356687872212959e-01,0.000000000000000000e+00,0.000000000000000000e+00,0.000000000000000000e+00,0.000000000000000000e+00,0.000000000000000000e+00,1.160643312127786764e-01
9.941046296075358724e-01,8.323933959069278578e-05,0.000000000000000000e+00,0.000000000000000000e+00,0.000000000000000000e+00,5.812131052873406936e-03,0.000000000000000000e+00
4.902238093623221271e-01,0.000000000000000000e+00,0.000000000000000000e+00,0.000000000000000000e+00,0.000000000000000000e+00,6.948453137724187878e-02,4.402916592604360080e-01
1.072841727349866797e-01,0.000000000000000000e+00,0.000000000000000000e+00,0.000000000000000000e+00,0.000000000000000000e+00,0.000000000000000000e+00,8.927158272650133064e-01
5.853509345981234846e-01,0.000000000000000000e+00,0.000000000000000000e+00,0.000000000000000000e+00,5.996150722735623523e-02,0.000000000000000000e+00,3.546875581745201345e-01
9.213505878515316772e-01,0.000000000000000000e+00,0.000000000000000000e+00,7.864941214846823958e-02,0.000000000000000000e+00,3.570725062695386555e-29,0.000000000000000000e+00
6.589561175982406871e-01,0.000000000000000000e+00,6.078577658411482608e-04,3.107495086729227807e-01,1.716012759921415120e-06,2.968479995023542289e-02,0.000000000000000000e+00
2.420202262103711977e-01,4.839853515246713145e-01,1.912444054794557868e-01,8.275001678550172879e-02,0.000000000000000000e+00,0.000000000000000000e+00,0.000000000000000000e+00
9.622251914424330144e-01,0.000000000000000000e+00,0.000000000000000000e+00,2.036668198449885503e-02,0.000000000000000000e+00,1.740812657306821040e-02,0.000000000000000000e+00
9.799161939737467408e-01,0.000000000000000000e+00,0.000000000000000000e+00,1.683379077037859897e-02,0.000000000000000000e+00,3.216330914202680455e-04,2.928382164454322329e-03
4.401081982894541333e-01,0.000000000000000000e+00,0.000000000000000000e+00,0.000000000000000000e+00,5.598918017105459777e-01,0.000000000000000000e+00,0.000000000000000000e+00
2.981994887289752261e-01,0.000000000000000000e+00,4.354982079819785627e-03,6.147216211383885742e-01,7.932304842968949943e-02,3.400859623127078582e-03,0.000000000000000000e+00
9.863823089782159936e-01,0.000000000000000000e+00,0.000000000000000000e+00,0.000000000000000000e+00,6.002833256935814592e-03,0.000000000000000000e+00,7.614857764848210857e-03
7.257813350683446352e-01,1.387874410028233120e-02,2.420439358957290066e-01,0.000000000000000000e+00,0.000000000000000000e+00,1.829598493564396980e-02,0.000000000000000000e+00
4.768344978499172160e-01,5.231655021500828395e-01,0.000000000000000000e+00,0.000000000000000000e+00,0.000000000000000000e+00,0.000000000000000000e+00,0.000000000000000000e+00
1.000000000000000000e+00,0.000000000000000000e+00,0.000000000000000000e+00,0.000000000000000000e+00,0.000000000000000000e+00,0.000000000000000000e+00,0.000000000000000000e+00
5.446594689080266338e-01,0.000000000000000000e+00,0.000000000000000000e+00,0.000000000000000000e+00,1.011638997373529644e-11,0.000000000000000000e+00,4.553405310818568474e-01
5.009297464072481887e-01,0.000000000000000000e+00,0.000000000000000000e+00,0.000000000000000000e+00,4.990702535927518668e-01,0.000000000000000000e+00,0.000000000000000000e+00
9.564745461958662487e-01,0.000000000000000000e+00,0.000000000000000000e+00,0.000000000000000000e+00,0.000000000000000000e+00,4.492917301028753993e-06,4.352096088683278519e-02
4.598401514209357164e-13,3.394838291892476878e-01,0.000000000000000000e+00,0.000000000000000000e+00,0.000000000000000000e+00,4.609703886702071728e-03,6.559064669235903366e-01
3.227939965028680525e-01,0.000000000000000000e+00,0.000000000000000000e+00,0.000000000000000000e+00,6.772060034971318920e-01,0.000000000000000000e+00,0.000000000000000000e+00
3.615830757069843915e-01,0.000000000000000000e+00,1.590407251472413241e-01,0.000000000000000000e+00,0.000000000000000000e+00,3.653465703208031434e-01,1.140296288249712381e-01
1.398141686647501880e-01,4.233132711966154926e-01,4.360738794980056898e-01,0.000000000000000000e+00,0.000000000000000000e+00,0.000000000000000000e+00,7.986806406288226310e-04
9.322914540808697748e-01,0.000000000000000000e+00,0.000000000000000000e+00,6.748081765746344329e-02,0.000000000000000000e+00,2.277282616668554322e-04,0.000000000000000000e+00
9.715689408470464239e-07,0.000000000000000000e+00,5.096302697037159435e-01,4.802888937520983781e-01,1.005908445667734463e-02,2.078051856743726598e-05,0.000000000000000000e+00
9.999841975673023908e-01,0.000000000000000000e+00,1.580243269767007169e-05,0.000000000000000000e+00,0.000000000000000000e+00,0.000000000000000000e+00,0.000000000000000000e+00
3.428928065898731448e-01,0.000000000000000000e+00,3.087020659875684908e-04,6.531570432603959198e-01,1.163050510015407402e-03,0.000000000000000000e+00,2.478397573727961645e-03
5.307005652999766676e-01,0.000000000000000000e+00,4.589573582808313956e-01,0.000000000000000000e+00,0.000000000000000000e+00,1.034207641906183771e-02,1.300410283606462648e-13
9.106668831894180194e-01,0.000000000000000000e+00,8.933311681058188347e-02,0.000000000000000000e+00,0.000000000000000000e+00,0.000000000000000000e+00,0.000000000000000000e+00
1.742699756629148833e-01,0.000000000000000000e+00,2.210785637617815325e-01,0.000000000000000000e+00,1.446256569642458654e-02,1.581137248871628001e-18,5.901888948788790445e-01
5.702862080669329758e-01,0.000000000000000000e+00,2.657935798393662452e-02,0.000000000000000000e+00,5.291384270078711149e-02,6.705985148888047752e-04,3.495499927334545509e-01
5.516889275598129139e-01,0.000000000000000000e+00,0.000000000000000000e+00,2.899925568361522155e-01,0.000000000000000000e+00,0.000000000000000000e+00,1.583185156040348707e-01
2.571043155833782068e-01,0.000000000000000000e+00,6.925138638159235027e-01,0.000000000000000000e+00,0.000000000000000000e+00,4.911138982058665253e-02,1.270430780111621045e-03
5.929798137464336039e-01,1.210711483516078019e-01,2.704864054933570072e-01,0.000000000000000000e+00,0.000000000000000000e+00,2.768220229124510381e-07,1.546235558657867160e-02
9.751982987058552821e-01,0.000000000000000000e+00,0.000000000000000000e+00,0.000000000000000000e+00,0.000000000000000000e+00,2.480170129414477689e-02,0.000000000000000000e+00
4.429043176247028368e-01,0.000000000000000000e+00,5.151124168795082614e-01,0.000000000000000000e+00,4.198326549578886013e-02,0.000000000000000000e+00,0.000000000000000000e+00
3.511059512188971499e-01,2.380624089161594292e-01,0.000000000000000000e+00,0.000000000000000000e+00,0.000000000000000000e+00,5.674244395993760515e-02,3.540891959050057602e-01
7.955323824146041112e-01,0.000000000000000000e+00,0.000000000000000000e+00,0.000000000000000000e+00,1.228542138787398763e-01,0.000000000000000000e+00,8.161340370665594313e-02
3.896700430096481371e-01,0.000000000000000000e+00,1.283379440443454533e-01,0.000000000000000000e+00,6.483458548223536289e-02,1.807670506144524666e-02,3.990807224023257271e-01
9.999999981362008850e-01,0.000000000000000000e+00,1.492960278635291357e-09,0.000000000000000000e+00,0.000000000000000000e+00,0.000000000000000000e+00,3.708389338799640482e-10
3.921776726697894233e-01,0.000000000000000000e+00,3.589319158316382763e-02,5.330634435515324565e-01,3.832595181007036889e-02,5.397403854440350124e-04,0.000000000000000000e+00
4.718043287996206980e-01,4.579227733333681716e-01,5.138265924644375843e-02,0.000000000000000000e+00,0.000000000000000000e+00,1.889023862056739625e-02,0.000000000000000000e+00
9.993825238072556738e-01,0.000000000000000000e+00,0.000000000000000000e+00,0.000000000000000000e+00,0.000000000000000000e+00,6.174761927443694507e-04,0.000000000000000000e+00
2.813063665438922389e-01,0.000000000000000000e+00,4.108889289272149754e-04,2.547071717279990599e-01,2.006552216356391818e-02,0.000000000000000000e+00,4.435100506356176031e-01
1.955735936353800442e-01,5.146582069293362816e-01,2.897681994352837020e-01,0.000000000000000000e+00,0.000000000000000000e+00,0.000000000000000000e+00,0.000000000000000000e+00
4.348852922965786849e-01,0.000000000000000000e+00,0.000000000000000000e+00,0.000000000000000000e+00,1.683568705119416892e-02,7.622906755108746490e-02,4.720499531011395633e-01
8.939682052305877313e-01,6.112149854821028599e-02,0.000000000000000000e+00,0.000000000000000000e+00,0.000000000000000000e+00,4.491029622120200349e-02,0.000000000000000000e+00
9.825024921277656365e-01,0.000000000000000000e+00,0.000000000000000000e+00,1.749750759988547011e-02,0.000000000000000000e+00,2.723489560577327995e-10,0.000000000000000000e+00
3.524534373696199818e-01,0.000000000000000000e+00,0.000000000000000000e+00,0.000000000000000000e+00,6.475465626303799072e-01,0.000000000000000000e+00,0.000000000000000000e+00
9.767466021636652673e-01,2.325339783633474308e-02,0.000000000000000000e+00,0.000000000000000000e+00,0.000000000000000000e+00,0.000000000000000000e+00,0.000000000000000000e+00
7.158977635296416286e-01,0.000000000000000000e+00,0.000000000000000000e+00,0.000000000000000000e+00,0.000000000000000000e+00,0.000000000000000000e+00,2.841022364703583714e-01
7.028568153749008281e-06,5.075960673986855687e-01,1.660262344531589773e-01,2.746928151850545063e-01,0.000000000000000000e+00,0.000000000000000000e+00,5.167785439494720912e-02
9.767033815165053756e-01,0.000000000000000000e+00,0.000000000000000000e+00,0.000000000000000000e+00,0.000000000000000000e+00,2.329661848349462785e-02,0.000000000000000000e+00
4.952045603463136048e-01,0.000000000000000000e+00,0.000000000000000000e+00,0.000000000000000000e+00,0.000000000000000000e+00,0.000000000000000000e+00,5.047954396536864508e-01
7.737718319696080190e-10,2.753949776627229173e-01,6.229113015123831365e-02,1.348704413494518188e-03,3.962134253175056409e-03,4.063701866837327592e-01,2.506328660618646897e-01
6.191794401899023415e-01,0.000000000000000000e+00,2.167407346695457441e-20,3.597631412040319665e-01,0.000000000000000000e+00,0.000000000000000000e+00,2.105741860606561225e-02
7.653752509355293832e-02,4.423255016306267690e-02,1.292606522555060089e-01,6.051114086738877962e-01,1.537303760161820750e-02,1.294848262123722837e-01,0.000000000000000000e+00
2.077164689080044369e-01,0.000000000000000000e+00,7.545729342623224145e-01,0.000000000000000000e+00,0.000000000000000000e+00,0.000000000000000000e+00,3.771059682967319027e-02
5.474508847569281578e-01,0.000000000000000000e+00,2.965548105710804627e-01,8.663422451655829193e-02,4.575820534170014359e-02,2.360187481373293705e-02,0.000000000000000000e+00
9.184977126726104890e-01,0.000000000000000000e+00,8.150228732738944160e-02,0.000000000000000000e+00,0.000000000000000000e+00,0.000000000000000000e+00,0.000000000000000000e+00
8.708595364508953107e-01,0.000000000000000000e+00,1.227872540596277040e-01,0.000000000000000000e+00,0.000000000000000000e+00,7.976161565536295722e-07,6.352411873320466806e-03
8.805075283538785769e-01,5.040449945996979680e-02,0.000000000000000000e+00,0.000000000000000000e+00,6.908797218615168878e-02,0.000000000000000000e+00,0.000000000000000000e+00
7.607627080137109310e-01,0.000000000000000000e+00,2.000557356639061923e-01,0.000000000000000000e+00,0.000000000000000000e+00,0.000000000000000000e+00,3.918155632238298075e-02
7.910575210082442243e-01,0.000000000000000000e+00,2.089424789917557757e-01,0.000000000000000000e+00,0.000000000000000000e+00,0.000000000000000000e+00,0.000000000000000000e+00
6.525878926986508066e-01,0.000000000000000000e+00,3.474121073013491379e-01,0.000000000000000000e+00,0.000000000000000000e+00,0.000000000000000000e+00,0.000000000000000000e+00
6.945765381291768570e-01,0.000000000000000000e+00,2.084042040690594757e-06,0.000000000000000000e+00,8.383292708191001264e-05,8.880669567186820619e-10,3.053375440136336105e-01
3.182895188027419220e-01,0.000000000000000000e+00,6.817104811969508793e-01,0.000000000000000000e+00,0.000000000000000000e+00,0.000000000000000000e+00,3.071324803964677410e-13
9.195257156977068025e-01,0.000000000000000000e+00,5.105987146547503325e-02,0.000000000000000000e+00,9.878724035286371281e-16,0.000000000000000000e+00,2.941441283681730731e-02
7.432974966923976412e-01,5.902599525697680566e-02,0.000000000000000000e+00,0.000000000000000000e+00,4.121681529182116138e-02,3.878695200187499970e-02,1.176727407569295308e-01
7.286378980254231141e-01,0.000000000000000000e+00,0.000000000000000000e+00,2.713621019736974782e-01,0.000000000000000000e+00,8.793664782800190234e-13,0.000000000000000000e+00
8.891014016400449194e-01,5.957895413110358279e-02,0.000000000000000000e+00,0.000000000000000000e+00,0.000000000000000000e+00,0.000000000000000000e+00,5.131964422885152560e-02
3.055801732691260653e-01,0.000000000000000000e+00,9.937653616928786066e-06,2.293439864406796314e-01,1.078426237123692871e-01,3.572232789242048012e-01,3.411406785462982995e-15
7.152773861711119174e-01,0.000000000000000000e+00,2.207371447075807958e-01,0.000000000000000000e+00,0.000000000000000000e+00,6.398429325175358784e-02,1.175869553562417833e-06
6.144821602118002990e-02,3.172196048211877728e-01,2.992085872052223372e-02,0.000000000000000000e+00,0.000000000000000000e+00,5.914096775368418157e-01,1.642900268155165312e-06
5.293308751213902097e-01,0.000000000000000000e+00,4.218410715023370172e-01,0.000000000000000000e+00,0.000000000000000000e+00,4.882805337627236369e-02,3.354567392371444144e-16
7.890041820493751690e-01,0.000000000000000000e+00,6.169455567943486068e-02,0.000000000000000000e+00,0.000000000000000000e+00,8.058620910308574026e-02,6.871505316810426478e-02
5.694674963867336626e-01,0.000000000000000000e+00,1.062481301141270876e-03,4.086267880057556368e-01,3.496036798117624616e-03,1.734719750825179999e-02,0.000000000000000000e+00
1.707940327535074714e-04,2.663381090652331925e-22,0.000000000000000000e+00,0.000000000000000000e+00,1.790143566525230143e-02,9.819277703019617665e-01,3.243980607220989954e-14
1.000000000000000000e+00,0.000000000000000000e+00,0.000000000000000000e+00,0.000000000000000000e+00,0.000000000000000000e+00,0.000000000000000000e+00,0.000000000000000000e+00
